_RAJ2000	_DEJ2000	Seq	Name	n_Name	RAJ2000	DEJ2000	Dist
deg	deg	 	 	 	"h:m:s"	"d:m:s"	Mpc
----------	----------	---	--------------	-	----------	---------	-----
000.093750	+39.495556	  1	UGC12894      	s	00 00 22.5	+39 29 44	 8.20
000.492083	-15.460833	  2	WLM           	p	00 01 58.1	-15 27 39	 0.92
001.382500	-28.098056	  3	ESO409-IG015  	s	00 05 31.8	-28 05 53	10.40
002.055417	-34.578333	  4	ESO349-G031   	s	00 08 13.3	-34 34 42	 3.21
002.486250	-24.962222	  5	NGC24         	p	00 09 56.7	-24 57 44	 8.10
003.516667	-23.181944	  6	NGC45         	p	00 14 04.0	-23 10 55	 7.10
003.725000	-39.196944	  7	NGC55         	p	00 14 54.0	-39 11 49	 2.17
003.855833	-21.445000	  8	NGC59         	s	00 15 25.4	-21 26 42	 5.30
004.797500	-22.668333	  9	MCG-04-02-003 	s	00 19 11.4	-22 40 06	 9.80
005.096250	+59.293056	 10	IC10          	s	00 20 23.1	+59 17 35	 0.66
007.843750	-22.765833	 11	ESO473-G024   	s	00 31 22.5	-22 45 57	 8.00
010.625417	+40.575833	 12	AndIV         	s	00 42 30.1	+40 34 33	 6.11
010.684583	+41.269167	 13	NGC224        	p	00 42 44.3	+41 16 09	 0.79
010.765833	-22.246944	 14	IC1574        	p	00 43 03.8	-22 14 49	 4.92
011.784583	-20.760556	 15	NGC247        	p	00 47 08.3	-20 45 38	 3.65
011.887917	-25.288333	 16	NGC253        	p	00 47 33.1	-25 17 18	 3.94
012.455000	-21.015000	 17	UGCA15        	s	00 49 49.2	-21 00 54	 3.34
013.186667	-72.828611	 18	SMC           	p	00 52 44.8	-72 49 43	 0.06
013.722917	-37.683333	 19	NGC300        	p	00 54 53.5	-37 41 00	 2.00
015.979167	+21.885000	 20	LGS3          	s	01 03 55.0	+21 53 06	 0.62
016.199167	 +2.117778	 21	UGC668        	p	01 04 47.8	+02 07 04	 0.65
016.843333	+16.683889	 22	UGC685        	p	01 07 22.4	+16 41 02	 4.70
016.943333	 +1.063611	 23	UGC695        	s	01 07 46.4	+01 03 49	10.20
020.328750	+12.411944	 24	UGC891        	p	01 21 18.9	+12 24 43	10.80
022.197083	+16.688611	 25	UGC1056       	p	01 28 47.3	+16 41 19	10.30
023.177083	+18.317222	 26	UGC1104       	p	01 32 42.5	+18 19 02	 7.50
023.462083	+30.660278	 27	NGC598        	p	01 33 50.9	+30 39 37	 0.84
023.767500	-41.437500	 28	NGC625        	p	01 35 04.2	-41 26 15	 4.07
024.173750	+15.783056	 29	NGC628        	p	01 36 41.7	+15 46 59	 7.30
025.041250	+15.904722	 30	UGC1176       	p	01 40 09.9	+15 54 17	 9.00
025.811250	+19.975556	 31	UGCA20        	s	01 43 14.7	+19 58 32	 9.00
026.265417	-43.598056	 32	ESO245-G005   	p	01 45 03.7	-43 35 53	 4.43
026.877500	+27.331111	 33	UGC1249       	p	01 47 30.6	+27 19 52	 7.20
026.976250	+27.433056	 34	NGC672        	p	01 47 54.3	+27 25 59	 7.20
027.380833	+32.588611	 35	UGC1281       	p	01 49 31.4	+32 35 19	 5.13
027.776250	-44.444722	 36	ESO245-G007   	p	01 51 06.3	-44 26 41	 0.44
030.320833	+28.837500	 37	NGC784        	p	02 01 17.0	+28 50 15	 5.19
031.021250	+24.208333	 38	UGC1561       	s	02 04 05.1	+24 12 30	10.50
033.515000	+27.877222	 39	NGC855        	s	02 14 03.6	+27 52 38	 9.70
035.305833	+42.762778	 40	UGC1807       	s	02 21 13.4	+42 45 46	 9.20
035.639167	+42.349167	 41	NGC891        	s	02 22 33.4	+42 20 57	 9.20
036.250833	+36.037778	 42	UGC1865       	p	02 25 00.2	+36 02 16	 9.20
036.820417	+33.579167	 43	NGC925        	p	02 27 16.9	+33 34 45	 9.16
036.957500	+31.726667	 44	UGC1924       	s	02 27 49.8	+31 43 36	10.40
037.702500	+37.137222	 45	NGC949        	p	02 30 48.6	+37 08 14	 9.20
038.100000	+35.495000	 46	NGC959        	p	02 32 24.0	+35 29 42	 9.20
038.225000	+38.680556	 47	UGC2014       	s	02 32 54.0	+38 40 50	 9.20
038.325833	+33.491111	 48	UGC2023       	p	02 33 18.2	+33 29 28	 9.20
038.428750	+40.528056	 49	UGC2034       	s	02 33 42.9	+40 31 41	 9.20
039.450417	-61.338333	 50	ESO115-G021   	p	02 37 48.1	-61 20 18	 4.99
039.819167	+40.872500	 51	NGC1003       	s	02 39 16.6	+40 52 21	 9.20
040.478750	+59.604167	 52	Maffei2       	s	02 41 54.9	+59 36 15	 3.30
040.874583	+37.340833	 53	NGC1058       	p	02 43 29.9	+37 20 27	 9.20
041.980833	+37.538333	 54	UGC2259       	s	02 47 55.4	+37 32 18	 9.20
044.210000	-54.571389	 55	ESO154-G023   	p	02 56 50.4	-54 34 17	 5.76
044.927500	+25.238056	 56	NGC1156       	p	02 59 42.6	+25 14 17	 7.80
047.407500	-41.030556	 57	ESO300-G014   	p	03 09 37.8	-41 01 50	11.00
047.543750	-40.003056	 58	ESO300-G016   	s	03 10 10.5	-40 00 11	 7.80
049.326250	-41.107778	 59	NGC1291       	p	03 17 18.3	-41 06 28	 9.40
049.565833	-66.498056	 60	NGC1313       	p	03 18 15.8	-66 29 53	 4.15
050.030833	-52.185278	 61	NGC1311       	p	03 20 07.4	-52 11 07	 5.45
050.098750	+17.295833	 62	UGC2684       	s	03 20 23.7	+17 17 45	 6.50
050.365417	+40.801667	 63	UGC2689       	s	03 21 27.7	+40 48 06	 5.90
051.030000	+17.753333	 64	UGC2716       	p	03 24 07.2	+17 45 12	 6.20
053.299167	-50.410556	 65	IC1959        	p	03 33 11.8	-50 24 38	 6.06
056.703750	+68.096111	 66	UGC2847       	s	03 46 48.9	+68 05 46	 3.03
057.280417	-48.858611	 67	IC2000        	p	03 49 07.3	-48 51 31	10.70
057.920417	-38.452222	 68	ESO302-G014   	s	03 51 40.9	-38 27 08	 9.60
058.942083	-42.368056	 69	NGC1487       	p	03 55 46.1	-42 22 05	 9.10
059.815000	-45.872500	 70	ESO249-G036   	s	03 59 15.6	-45 52 21	 9.60
059.958750	+67.143611	 71	UGCA86        	s	03 59 50.1	+67 08 37	 2.96
060.885833	-43.400000	 72	NGC1510       	s	04 03 32.6	-43 24 00	 9.80
060.976250	-43.349167	 73	NGC1512       	p	04 03 54.3	-43 20 57	 9.60
061.532083	-52.669167	 74	NGC1522       	p	04 06 07.7	-52 40 09	 9.30
061.706667	-21.174722	 75	NGC1518       	p	04 06 49.6	-21 10 29	10.80
063.172083	-23.160000	 76	ESO483-G013   	s	04 12 41.3	-23 09 36	10.40
064.435417	-50.164444	 77	NGC1556       	p	04 17 44.5	-50 09 52	10.50
065.306250	-21.845556	 78	UGCA90        	p	04 21 13.5	-21 50 44	10.40
067.420000	-27.408611	 79	NGC1592       	p	04 29 40.8	-27 24 31	10.60
067.704167	+64.848056	 80	NGC1569       	s	04 30 49.0	+64 50 53	 1.90
068.020417	+63.613611	 81	UGCA92        	s	04 32 04.9	+63 36 49	 1.80
068.198750	+71.879444	 82	NGC1560       	s	04 32 47.7	+71 52 46	 3.45
071.569583	-57.343056	 83	ESO158-G003   	p	04 46 16.7	-57 20 35	10.00
072.143750	 +0.241667	 84	UGC3174       	s	04 48 34.5	+00 14 30	 8.10
072.871667	-61.650833	 85	ESO119-G016   	p	04 51 29.2	-61 39 03	 9.80
073.557083	-53.361389	 86	NGC1705       	p	04 54 13.7	-53 21 41	 5.10
074.244583	-42.803889	 87	ESO252-IG001  	p	04 56 58.7	-42 48 14	 6.00
074.990000	-26.021944	 88	NGC1744       	p	04 59 57.6	-26 01 19	 7.70
075.678333	-61.139722	 89	NGC1796       	p	05 02 42.8	-61 08 23	10.30
075.832083	-25.423056	 90	ESO486-G021   	p	05 03 19.7	-25 25 23	 8.90
076.600417	-31.953056	 91	MCG-05-13-004 	p	05 06 24.1	-31 57 11	 6.60
076.605833	-31.954167	 92	NGC1800       	p	05 06 25.4	-31 57 15	 8.20
076.926250	-37.512778	 93	NGC1808       	p	05 07 42.3	-37 30 46	10.60
077.031667	-38.309167	 94	ESO305-G009   	p	05 08 07.6	-38 18 33	10.90
077.695833	-31.597222	 95	UGCA103       	p	05 10 47.0	-31 35 50	10.40
077.997083	-32.972500	 96	UGCA106       	p	05 11 59.3	-32 58 21	 9.80
078.562500	+62.575278	 97	UGCA105       	s	05 14 15.0	+62 34 31	 3.15
080.893750	-69.756111	 98	LMC           	p	05 23 34.5	-69 45 22	 0.05
081.247917	 +4.505000	 99	UGC3303       	s	05 24 59.5	+04 30 18	 7.20
081.773750	-20.678056	100	ESO553-G046   	p	05 27 05.7	-20 40 41	 5.00
084.742917	-41.737222	101	ESO306-G013   	p	05 38 58.3	-41 44 14	10.80
087.726250	-14.779167	102	UGCA114       	s	05 50 54.3	-14 46 45	 9.80
088.927500	 +3.391667	103	UGCA116       	s	05 55 42.6	+03 23 30	 9.10
089.921667	+73.427500	104	KKH34         	s	05 59 41.2	+73 25 39	 4.61
091.438333	-33.080833	105	ESO364-G?029  	p	06 05 45.2	-33 04 51	 7.40
091.830417	-34.204722	106	AM0605-341    	s	06 07 19.3	-34 12 17	 7.00
092.539583	-34.106111	107	NGC2188       	p	06 10 09.5	-34 06 22	 6.80
092.817917	-21.599167	108	UGCA120       	s	06 11 16.3	-21 35 57	 8.70
095.231250	 -8.495000	109	UGCA127       	s	06 20 55.5	-08 29 42	 7.50
097.620000	+39.503889	110	UGC3475       	s	06 30 28.8	+39 30 14	 7.00
101.450833	-47.531111	111	ESO255-G019   	p	06 45 48.2	-47 31 52	10.40
101.940833	+80.123889	112	KKH37         	s	06 47 45.8	+80 07 26	 3.39
102.666250	-52.140278	113	ESO207-G007   	p	06 50 39.9	-52 08 25	10.70
103.916667	+39.095278	114	UGC3600       	s	06 55 40.0	+39 05 43	 7.30
106.328333	-58.520278	115	AM0704-582    	p	07 05 18.8	-58 31 13	 4.90
107.556250	+44.457222	116	NGC2337       	p	07 10 13.5	+44 27 26	 7.90
110.685417	+45.108611	117	UGC3817       	s	07 22 44.5	+45 06 31	 8.60
112.071667	+40.770000	118	UGC3860       	s	07 28 17.2	+40 46 12	 7.81
112.227500	+69.215833	119	NGC2366       	p	07 28 54.6	+69 12 57	 3.19
112.322917	+27.899444	120	UGC3876       	p	07 29 17.5	+27 53 58	10.80
112.825833	-68.188056	121	ESO059-G001   	p	07 31 18.2	-68 11 17	 4.57
114.116250	-47.634722	122	NGC2427       	s	07 36 27.9	-47 38 05	 9.00
114.214167	+65.602500	123	NGC2403       	p	07 36 51.4	+65 36 09	 3.22
115.358333	+40.112222	124	UGC3966       	p	07 41 26.0	+40 06 44	 6.80
115.480833	+16.802500	125	UGC3974       	s	07 41 55.4	+16 48 09	 8.04
116.883750	+51.191389	126	CGCG262-028   	p	07 47 32.1	+51 11 29	 6.90
119.257500	+14.390833	127	UGC4115       	s	07 57 01.8	+14 23 27	 7.72
120.472083	+50.737500	128	NGC2500       	p	08 01 53.3	+50 44 15	 7.60
123.311250	+45.990556	129	NGC2537       	p	08 13 14.7	+45 59 26	 6.90
123.495417	+45.742778	130	UGC4278       	p	08 13 58.9	+45 44 34	 7.60
124.766667	+70.719167	131	UGC4305       	p	08 19 04.0	+70 43 09	 3.39
124.833750	+50.006944	132	NGC2552       	p	08 19 20.1	+50 00 25	 7.70
125.983333	+71.029167	133	M81dwA        	s	08 23 56.0	+71 01 45	 3.55
126.481250	+35.542222	134	SDSSJ0825+3532	s	08 25 55.5	+35 32 32	 9.30
127.118333	+41.856667	135	UGC4426       	p	08 28 28.4	+41 51 24	10.28
128.530000	+66.181667	136	UGC4459       	p	08 34 07.2	+66 10 54	 3.56
129.064167	-26.409444	137	ESO495-G021   	s	08 36 15.4	-26 24 34	 7.80
129.262500	+69.775278	138	UGC4483       	s	08 37 03.0	+69 46 31	 3.21
133.172500	+33.420556	139	NGC2683       	p	08 52 41.4	+33 25 14	 7.70
134.751250	+39.210000	140	UGC4704       	s	08 59 00.3	+39 12 36	 7.80
135.724167	+20.075556	141	LSBCD564-08   	s	09 02 53.8	+20 04 32	 8.67
136.895417	+33.276667	142	UGC4787       	s	09 07 34.9	+33 16 36	 6.50
137.222917	+14.581944	143	LSBCD634-03   	s	09 08 53.5	+14 34 55	 9.46
137.443750	-23.009167	144	UGCA148       	s	09 09 46.5	-23 00 33	 9.80
138.081250	-24.172500	145	NGC2784       	s	09 12 19.5	-24 10 21	 9.80
138.300417	-19.408611	146	UGCA153       	s	09 13 12.1	-19 24 31	 6.50
139.470417	-22.355000	147	NGC2835       	s	09 17 52.9	-22 21 18	 8.00
139.875000	+21.603333	148	LSBCD565-06   	s	09 19 30.0	+21 36 12	 9.08
140.367083	-22.501944	149	UGCA162       	s	09 21 28.1	-22 30 07	 7.50
141.300417	+68.383056	150	UGC4998       	p	09 25 12.1	+68 22 59	10.50
141.547917	-76.626667	151	NGC2915       	s	09 26 11.5	-76 37 36	 3.78
143.042083	+21.501111	152	NGC2903       	p	09 32 10.1	+21 30 04	 8.90
143.151667	+51.871944	153	UGC5076       	s	09 32 36.4	+51 52 19	 8.30
143.687083	 +6.425556	154	CGCG035-007   	s	09 34 44.9	+06 25 32	 5.20
143.722500	+17.051389	155	LeoT          	s	09 34 53.4	+17 03 05	 0.42
145.112917	+48.337500	156	UGC5151       	p	09 40 27.1	+48 20 15	10.70
145.134583	+71.182222	157	UGC5139       	p	09 40 32.3	+71 10 56	 3.84
146.182917	 +9.615278	158	IC559         	p	09 44 43.9	+09 36 55	 4.90
146.267500	+32.238333	159	UGC5209       	s	09 45 04.2	+32 14 18	 6.40
146.813750	+67.916667	160	NGC2976       	p	09 47 15.3	+67 55 00	 3.56
147.580833	+31.455833	161	UGC5272b      	s	09 50 19.4	+31 27 21	 7.10
147.593333	+31.487778	162	UGC5272       	s	09 50 22.4	+31 29 16	 7.10
147.820833	 +7.827500	163	UGC5288       	p	09 51 17.0	+07 49 39	 6.80
147.847917	-27.010000	164	NGC3037       	p	09 51 23.5	-27 00 36	 7.90
148.452083	+68.969167	165	BK3N          	s	09 53 48.5	+68 58 09	 4.02
148.888333	+69.065278	166	NGC3031       	p	09 55 33.2	+69 03 55	 3.63
148.967500	+69.679722	167	NGC3034       	p	09 55 52.2	+69 40 47	 3.53
149.190417	+28.826389	168	UGC5340       	p	09 56 45.7	+28 49 35	 5.90
149.262917	+68.591944	169	KDG61         	s	09 57 03.1	+68 35 31	 3.60
149.383333	+69.045833	170	UGC5336       	p	09 57 32.0	+69 02 45	 3.70
149.692500	-28.621944	171	ESO435-G016   	p	09 58 46.2	-28 37 19	 9.10
149.836250	-28.131667	172	ESO435-IG020  	p	09 59 20.7	-28 07 54	 9.00
149.860000	+30.746389	173	UGC5364       	p	09 59 26.4	+30 44 47	 0.69
150.000417	 +5.332222	174	UGC5373       	p	10 00 00.1	+05 19 56	 1.44
150.650000	 -6.013611	175	UGCA193       	p	10 02 36.0	-06 00 49	 9.70
150.777500	-26.158889	176	NGC3109       	p	10 03 06.6	-26 09 32	 1.34
150.835833	+68.734444	177	NGC3077       	p	10 03 20.6	+68 44 04	 3.82
150.924167	-27.027778	178	UGCA196       	p	10 03 41.8	-27 01 40	 8.80
151.108750	-28.444167	179	NGC3113       	p	10 04 26.1	-28 26 39	10.50
151.170833	+29.365278	180	UGC5427       	s	10 04 41.0	+29 21 55	 7.10
151.276667	+66.558889	181	UGC5428       	s	10 05 06.4	+66 33 32	 3.50
151.308333	 -7.718611	182	NGC3115       	s	10 05 14.0	-07 43 07	 9.70
151.377500	+70.364444	183	UGC5423       	s	10 05 30.6	+70 21 52	 5.30
151.640000	-29.935833	184	NGC3125       	p	10 06 33.6	-29 56 09	10.80
151.780417	+15.984444	185	UGC5453       	s	10 07 07.3	+15 59 04	 9.30
151.829167	+47.006111	186	UGC5451       	p	10 07 19.0	+47 00 22	 8.70
151.831667	+10.362778	187	UGC5456       	p	10 07 19.6	+10 21 46	 3.80
151.845833	+38.969444	188	KUG1004+392   	s	10 07 23.0	+38 58 10	 7.80
152.281250	-29.064444	189	NGC3137       	p	10 09 07.5	-29 03 52	10.80
152.753333	 -4.692778	190	SextansA      	p	10 11 00.8	-04 41 34	 1.32
153.675417	-28.871944	191	NGC3175       	p	10 14 42.1	-28 52 19	10.70
156.273333	+17.160278	192	NGC3239       	p	10 25 05.6	+17 09 37	 8.30
157.087083	+22.571389	193	UGC5672       	s	10 28 20.9	+22 34 17	 6.30
157.088333	+68.411944	194	UGC5666       	p	10 28 21.2	+68 24 43	 4.02
157.645833	+70.618611	195	UGC5692       	p	10 30 35.0	+70 37 07	 4.00
158.071250	+27.668611	196	NGC3274       	p	10 32 17.1	+27 40 07	 6.50
158.690833	+50.768333	197	UGC5740       	s	10 34 45.8	+50 46 06	 9.30
158.846667	-24.754167	198	UGCA212       	p	10 35 23.2	-24 45 15	10.10
159.099167	+12.707500	199	NGC3299       	p	10 36 23.8	+12 42 27	10.40
159.180417	+31.546667	200	UGC5764       	s	10 36 43.3	+31 32 48	 7.10
159.855000	 +1.718056	201	UGC5797       	p	10 39 25.2	+01 43 05	 6.80
160.658333	-23.935556	202	IC625         	p	10 42 38.0	-23 56 08	10.10
160.675833	+34.448889	203	UGC5829       	p	10 42 42.2	+34 26 56	 7.90
160.878750	+24.922778	204	NGC3344       	p	10 43 30.9	+24 55 22	 6.60
160.990833	+11.703889	205	NGC3351       	p	10 43 57.8	+11 42 14	10.00
161.552500	 +1.813333	206	NGC3365       	p	10 46 12.6	+01 48 48	10.50
161.690417	+11.820000	207	NGC3368       	p	10 46 45.7	+11 49 12	10.52
161.842917	+14.069444	208	UGC5889       	p	10 47 22.3	+14 04 10	 9.30
162.224583	+46.720556	209	UGC5917       	s	10 48 53.9	+46 43 14	10.30
162.281667	 +6.917222	210	UGC5923       	p	10 49 07.6	+06 55 02	 7.20
162.402083	+65.530556	211	UGC5918       	s	10 49 36.5	+65 31 50	 7.40
162.722083	+13.412222	212	NGC3412       	s	10 50 53.3	+13 24 44	10.40
162.837500	-34.430556	213	ESO376-G022   	p	10 51 21.0	-34 25 50	 9.00
163.130417	+36.619722	214	NGC3432       	p	10 52 31.3	+36 37 11	 7.90
163.237917	+69.549444	215	KDG73         	s	10 52 57.1	+69 32 58	 3.70
165.077500	+13.901111	216	NGC3489       	s	11 00 18.6	+13 54 04	10.40
165.099583	+28.975000	217	NGC3486       	p	11 00 23.9	+28 58 30	 8.20
165.451667	+28.689167	218	UGC6102       	s	11 01 48.4	+28 41 21	 8.50
165.930833	+28.886944	219	NGC3510       	p	11 03 43.4	+28 53 13	 8.60
165.980000	-34.358333	220	ESO377-G003   	p	11 03 55.2	-34 21 30	 9.20
166.243750	+29.139444	221	MRK36         	s	11 04 58.5	+29 08 22	 7.80
166.452500	 +0.035833	222	NGC3521       	p	11 05 48.6	+00 02 09	 8.00
166.705000	+43.723333	223	UGC6161       	s	11 06 49.2	+43 43 24	10.30
167.879167	+55.674167	224	MESSIER108    	p	11 11 31.0	+55 40 27	10.40
168.654167	+12.817778	225	NGC3593       	p	11 14 37.0	+12 49 04	 6.50
168.862500	+18.110278	226	NGC3599       	s	11 15 27.0	+18 06 37	 9.60
168.967083	+41.592222	227	NGC3600       	p	11 15 52.1	+41 35 32	 9.70
169.566667	-32.811667	228	NGC3621       	p	11 18 16.0	-32 48 42	 6.64
169.732917	+13.093611	229	NGC3623       	p	11 18 55.9	+13 05 37	 8.90
170.062500	+12.991667	230	NGC3627       	p	11 20 15.0	+12 59 30	10.05
170.070417	+13.588889	231	NGC3628       	p	11 20 16.9	+13 35 20	 9.40
170.730417	+13.441389	232	IC2782        	p	11 22 55.3	+13 26 29	 9.70
170.829583	+13.629722	233	IC2787        	s	11 23 19.1	+13 37 47	 7.70
171.535833	+43.585833	234	NGC3675       	p	11 26 08.6	+43 35 09	10.60
171.800833	 +0.994722	235	UGC6457       	p	11 27 12.2	+00 59 41	10.20
171.999583	+78.994167	236	UGC6456       	s	11 27 59.9	+78 59 39	 4.34
173.370417	+49.237222	237	UGC6541       	p	11 33 28.9	+49 14 14	 3.89
173.953333	+54.523889	238	NGC3738       	p	11 35 48.8	+54 31 26	 4.90
174.025833	+45.283611	239	NGC3741       	p	11 36 06.2	+45 17 01	 3.19
176.796667	+43.671944	240	LEDA166115    	s	11 47 11.2	+43 40 19	 4.51
177.720833	+38.880278	241	UGC6817       	p	11 50 53.0	+38 52 49	 2.64
178.914167	+31.519444	242	UGC6900       	p	11 55 39.4	+31 31 10	 7.50
179.683750	+27.585000	243	BTS76         	s	11 58 44.1	+27 35 06	 6.00
179.735833	+30.412222	244	NGC4020       	p	11 58 56.6	+30 24 44	 9.70
180.387917	+33.341389	245	UGC7007       	s	12 01 33.1	+33 20 29	10.10
181.003333	+52.588333	246	NGC4068       	p	12 04 00.8	+52 35 18	 4.31
181.215833	+26.992500	247	NGC4080       	p	12 04 51.8	+26 59 33	 6.90
181.504167	+47.477778	248	NGC4096       	p	12 06 01.0	+47 28 40	 8.30
182.485000	+36.435278	249	KUG1207+367   	s	12 09 56.4	+36 26 07	 4.50
182.493333	+46.457500	250	NGC4144       	p	12 09 58.4	+46 27 27	 9.80
183.037917	+36.169167	251	NGC4163       	p	12 12 09.1	+36 10 09	 2.96
183.436250	+36.634167	252	NGC4190       	p	12 13 44.7	+36 38 03	 3.50
183.535000	+66.094722	253	UGC7242       	p	12 14 08.4	+66 05 41	 5.42
183.741250	+36.218889	254	UGCA276       	s	12 14 57.9	+36 13 08	 3.18
183.810417	+20.658611	255	NGC4204       	p	12 15 14.5	+20 39 31	10.40
183.848333	+51.349444	256	UGC7267       	s	12 15 23.6	+51 20 58	 7.30
183.888750	+43.435000	257	UGC7271       	s	12 15 33.3	+43 26 06	 7.80
183.912083	+36.327778	258	NGC4214       	p	12 15 38.9	+36 19 40	 2.92
183.944583	+52.387500	259	CGCG269-049   	s	12 15 46.7	+52 23 15	 3.20
184.125417	+52.227500	260	UGC7298       	s	12 16 30.1	+52 13 39	 4.21
184.175417	+69.462778	261	NGC4236       	p	12 16 42.1	+69 27 46	 4.45
184.374583	+37.808056	262	NGC4244       	p	12 17 29.9	+37 48 29	 4.49
184.375417	+45.618889	263	NGC4242       	p	12 17 30.1	+45 37 08	 7.40
184.459583	+47.408611	264	NGC4248       	p	12 17 50.3	+47 24 31	 7.20
184.691667	-79.726111	265	IC3104        	s	12 18 46.0	-79 43 34	 2.27
184.739583	+47.303889	266	NGC4258       	p	12 18 57.5	+47 18 14	 7.98
184.787917	+47.089722	267	UGC7356       	s	12 19 09.1	+47 05 23	 6.70
184.997917	-17.391944	268	ISZ399        	p	12 19 59.5	-17 23 31	 9.00
185.158750	+46.292500	269	NGC4288       	p	12 20 38.1	+46 17 33	 7.70
185.312500	+45.811389	270	UGC7408       	p	12 21 15.0	+45 48 41	 6.90
186.105417	+70.333611	271	UGC7490       	p	12 24 25.3	+70 20 01	 8.40
186.366250	+28.482500	272	LEDA166137    	s	12 25 27.9	+28 28 57	 6.00
186.453750	+33.546667	273	NGC4395       	p	12 25 48.9	+33 32 48	 4.61
186.566667	+48.493611	274	UGCA281       	s	12 26 16.0	+48 29 37	 5.70
186.771250	+37.142500	275	UGC7559       	p	12 27 05.1	+37 08 33	 4.87
186.920417	+43.495556	276	UGC7577       	p	12 27 40.9	+43 29 44	 2.74
187.012083	+22.589444	277	UGC7584       	s	12 28 02.9	+22 35 22	 7.30
187.022500	+22.290833	278	LSBCF573-01   	s	12 28 05.4	+22 17 27	 7.20
187.046667	+44.093333	279	NGC4449       	p	12 28 11.2	+44 05 36	 4.21
187.118750	+37.233611	280	UGC7599       	p	12 28 28.5	+37 14 01	 6.90
187.161250	+35.717500	281	UGC7605       	p	12 28 38.7	+35 43 03	 4.43
187.183750	+22.822500	282	NGC4455       	p	12 28 44.1	+22 49 21	 7.80
187.188750	+43.226389	283	UGC7608       	p	12 28 45.3	+43 13 35	 7.80
187.189583	+44.864167	284	NGC4460       	s	12 28 45.5	+44 51 51	 9.60
187.217500	+42.178056	285	MCG+07-26-011 	s	12 28 52.2	+42 10 41	 6.00
187.472500	+47.531111	286	UGC7639       	p	12 29 53.4	+47 31 52	 8.00
187.599167	+42.901667	287	MCG+07-26-012 	s	12 30 23.8	+42 54 06	 6.40
187.629583	+41.700278	288	NGC4485       	p	12 30 31.1	+41 42 01	 7.10
187.650417	+41.642778	289	NGC4490       	p	12 30 36.1	+41 38 34	 8.00
188.002917	+39.833056	290	UGC7678       	s	12 32 00.7	+39 49 59	 9.30
188.111667	+42.705000	291	UGC7690       	p	12 32 26.8	+42 42 18	 7.70
188.200000	+37.621667	292	UGC7699       	p	12 32 48.0	+37 37 18	 6.80
188.226667	+31.541111	293	UGC7698       	p	12 32 54.4	+31 32 28	 6.10
188.502500	+39.019444	294	UGC7719       	s	12 34 00.6	+39 01 10	 9.40
188.522500	+35.518889	295	NGC4534       	p	12 34 05.4	+35 31 08	10.80
189.093750	+40.005278	296	UGC7774       	s	12 36 22.5	+40 00 19	 7.40
189.340833	+38.743889	297	UGCA290       	s	12 37 21.8	+38 44 38	 6.70
189.666667	+32.766944	298	UGCA292       	s	12 38 40.0	+32 46 01	 3.10
189.997500	-11.623056	299	M104          	p	12 39 59.4	-11 37 23	 9.30
190.001250	+61.608056	300	NGC4605       	p	12 40 00.3	+61 36 29	 5.47
190.386250	+41.151111	301	NGC4618       	p	12 41 32.7	+41 09 04	 7.80
190.469167	+41.273889	302	NGC4625       	p	12 41 52.6	+41 16 26	 8.70
190.533333	+32.540556	303	NGC4631       	p	12 42 08.0	+32 32 26	 8.10
190.562917	+38.503333	304	UGC7866       	p	12 42 15.1	+38 30 12	 4.57
190.990417	+32.168056	305	NGC4656       	p	12 43 57.7	+32 10 05	 8.60
191.104583	+34.386667	306	UGC7916       	p	12 44 25.1	+34 23 12	 8.20
191.501667	-33.838056	307	ESO381-G020   	p	12 46 00.4	-33 50 17	 5.44
191.730833	+26.564167	308	UGCA298       	s	12 46 55.4	+26 33 51	10.30
191.735000	+51.612778	309	UGC7950       	s	12 46 56.4	+51 36 46	 7.90
191.749167	+36.476389	310	UGC7949       	s	12 46 59.8	+36 28 35	 9.90
192.095417	+51.164722	311	NGC4707       	p	12 48 22.9	+51 09 53	 7.40
192.720833	+41.120556	312	NGC4736       	p	12 50 53.0	+41 07 14	 4.66
193.521667	+27.148611	313	UGC8024       	p	12 54 05.2	+27 08 55	 4.30
194.017917	 +3.811944	314	UGC8055       	s	12 56 04.3	+03 48 43	 6.60
194.182083	+21.681111	315	NGC4826       	p	12 56 43.7	+21 40 52	 7.50
194.668333	+14.217500	316	UGC8091       	p	12 58 40.4	+14 13 03	 2.13
195.533750	+58.701389	317	UGC8146       	p	13 02 08.1	+58 42 05	10.60
195.560000	-17.237500	318	UGCA319       	p	13 02 14.4	-17 14 15	 7.40
195.820000	-17.423056	319	UGCA320       	p	13 03 16.8	-17 25 23	 7.20
196.364583	-49.468333	320	NGC4945       	s	13 05 27.5	-49 28 06	 3.60
196.456250	+37.605000	321	UGC8188       	p	13 05 49.5	+37 36 18	 4.49
196.603333	+67.706944	322	UGC8201       	p	13 06 24.8	+67 42 25	 4.57
196.985833	-16.689167	323	MCG-03-34-002 	p	13 07 56.6	-16 41 21	10.20
197.015000	+46.828056	324	UGC8215       	s	13 08 03.6	+46 49 41	 4.55
197.142500	+78.936944	325	UGC8245       	s	13 08 34.2	+78 56 13	 3.60
198.050417	+44.038889	326	NGC5023       	p	13 12 12.1	+44 02 20	 5.40
198.215833	+40.543056	327	CGCG217-018   	s	13 12 51.8	+40 32 35	 8.20
198.344583	+46.320278	328	UGC8308       	s	13 13 22.7	+46 19 13	 4.19
198.475417	+42.210000	329	UGC8313       	p	13 13 54.1	+42 12 36	 8.70
198.616250	+45.919167	330	UGC8320       	p	13 14 27.9	+45 55 09	 4.33
198.876250	+47.498889	331	UGC8331       	p	13 15 30.3	+47 29 56	 8.20
198.955000	+42.030278	332	NGC5055       	p	13 15 49.2	+42 01 49	 7.50
199.727500	-21.038889	333	NGC5068       	p	13 18 54.6	-21 02 20	 6.20
200.490000	-36.630278	334	NGC5102       	s	13 21 57.6	-36 37 49	 3.40
201.365000	-43.019167	335	NGC5128       	s	13 25 27.6	-43 01 09	 3.66
201.685000	-30.362500	336	IC4247        	p	13 26 44.4	-30 21 45	 4.97
201.905417	-41.480556	337	ESO324-G024   	p	13 27 37.3	-41 28 50	 3.73
202.400833	+58.418333	338	NGC5204       	p	13 29 36.2	+58 25 06	 4.65
202.469583	+47.195278	339	NGC5194       	p	13 29 52.7	+47 11 43	 8.00
202.494583	+47.268056	340	NGC5195       	p	13 29 58.7	+47 16 05	 8.00
202.685000	+54.910000	341	UGC8508       	p	13 30 44.4	+54 54 36	 2.69
203.345417	+49.101667	342	SBS1331+493   	s	13 33 22.9	+49 06 06	 9.30
203.432500	-48.151111	343	NGC5206       	s	13 33 43.8	-48 09 04	 3.60
203.511250	+47.915278	344	NGC5229       	p	13 34 02.7	+47 54 55	 5.10
203.677917	+51.614167	345	NGC5238       	p	13 34 42.7	+51 36 51	 5.20
203.697083	-45.547500	346	ESO270-G017   	s	13 34 47.3	-45 32 51	 8.90
204.147917	-29.571389	347	[KK98]        	p	13 36 35.5	-29 34 17	 4.68
204.253333	-29.866389	348	NGC5236       	p	13 37 00.8	-29 51 59	 4.47
204.333750	-28.046111	349	ESO444-G084   	s	13 37 20.1	-28 02 46	 4.61
204.830833	+24.775556	350	UGC8638       	s	13 39 19.4	+24 46 32	 4.27
204.974167	+40.739167	351	UGC8651       	p	13 39 53.8	+40 44 21	 3.02
204.982917	-31.640000	352	NGC5253       	p	13 39 55.9	-31 38 24	 3.15
205.076667	-28.892222	353	IC4316        	p	13 40 18.4	-28 53 32	 4.40
205.403750	-29.913889	354	NGC5264       	p	13 41 36.9	-29 54 50	 4.53
205.635000	+39.658333	355	UGC8683       	s	13 42 32.4	+39 39 30	 9.60
206.252083	-41.861111	356	ESO325-G011   	s	13 45 00.5	-41 51 40	 3.40
207.324167	-36.061667	357	ESO383-G087   	p	13 49 17.8	-36 03 42	 3.45
207.634583	-37.288889	358	ESO383-G091   	p	13 50 32.3	-37 17 20	 3.60
207.710833	+38.019167	359	UGC8760       	p	13 50 50.6	+38 01 09	 3.24
208.690417	+53.900833	360	UGC8837       	p	13 54 45.7	+53 54 03	 8.30
208.702917	+35.837500	361	UGC8833       	s	13 54 48.7	+35 50 15	 3.20
209.256250	-35.333889	362	ESO384-G016   	p	13 57 01.5	-35 20 02	 4.53
210.802083	+54.348611	363	NGC5457       	p	14 03 12.5	+54 20 55	 6.70
210.837500	-41.378889	364	NGC5408       	s	14 03 21.0	-41 22 44	 4.81
211.256250	+53.662500	365	NGC5474       	p	14 05 01.5	+53 39 45	 7.20
211.387917	+54.460833	366	NGC5477       	p	14 05 33.1	+54 27 39	 7.70
211.794583	+35.060278	367	KKR03         	s	14 07 10.7	+35 03 37	 2.14
213.288750	-65.339167	368	Circinus      	s	14 13 09.3	-65 20 21	 2.80
213.789167	+57.087500	369	KUG1413+573   	s	14 15 09.4	+57 05 15	 7.40
213.985417	+23.055278	370	UGC9128       	p	14 15 56.5	+23 03 19	 2.24
214.255833	+43.501389	371	SBS1415+437   	s	14 17 01.4	+43 30 05	 9.50
214.950833	+56.729444	372	NGC5585       	p	14 19 48.2	+56 43 46	 5.70
215.634167	+45.383889	373	UGC9211       	p	14 22 32.2	+45 23 02	10.70
215.824583	+41.775833	374	NGC5608       	p	14 23 17.9	+41 46 33	10.20
216.180833	+44.525833	375	UGC9240       	p	14 24 43.4	+44 31 33	 2.80
217.015417	-46.301667	376	UKS1424-460   	s	14 28 03.7	-46 18 06	 3.58
218.760833	-49.420556	377	ESO222-G010   	s	14 35 02.6	-49 25 14	 5.40
218.851667	+57.255278	378	UGC9405       	p	14 35 24.4	+57 15 19	 8.00
219.772500	+36.805833	379	MRK475        	s	14 39 05.4	+36 48 21	 9.00
220.856250	-44.705278	380	ESO272-G025   	s	14 43 25.5	-44 42 19	 5.60
221.053333	+42.628889	381	UGC9497       	s	14 44 12.8	+42 37 44	10.00
224.440417	+71.682222	382	NGC5832       	p	14 57 45.7	+71 40 56	 8.80
225.286250	-48.290556	383	ESO223-G009   	s	15 01 08.7	-48 17 26	 6.49
225.288750	+44.698056	384	UGC9660       	p	15 01 09.3	+44 41 53	10.20
228.556667	-46.810000	385	ESO274-G001   	s	15 14 13.6	-46 48 36	 3.09
232.002917	+64.763056	386	NGC5949       	p	15 28 00.7	+64 45 47	 8.50
233.238750	+46.452778	387	UGC9893       	s	15 32 57.3	+46 27 10	10.90
235.449167	+67.254167	388	UGC9992       	p	15 41 47.8	+67 15 15	 8.60
242.245417	+17.506944	389	LEDA100404    	s	16 08 58.9	+17 30 25	 6.80
245.246667	-60.487778	390	ESO137-G018   	s	16 20 59.2	-60 29 16	 6.40
251.833333	-57.441111	391	ESO179-IG013  	s	16 47 20.0	-57 26 28	 9.00
255.105417	+70.290000	392	UGC10669      	s	17 00 25.3	+70 17 24	 9.20
257.020833	+69.463889	393	UGC10736      	s	17 08 05.0	+69 27 50	 9.80
266.776667	-64.640278	394	IC4662        	s	17 47 06.4	-64 38 25	 2.44
267.362917	+70.144444	395	NGC6503       	p	17 49 27.1	+70 08 40	 5.27
275.693333	-62.270278	396	ESO140-G019   	s	18 22 46.4	-62 16 13	10.80
277.158750	-66.981667	397	IC4710        	p	18 28 38.1	-66 58 54	 7.70
278.708750	+70.524167	398	NGC6689       	p	18 34 50.1	+70 31 27	 9.80
283.921667	-64.810833	399	ESO104-G022   	s	18 55 41.2	-64 48 39	 8.70
287.442500	-63.856944	400	NGC6744       	p	19 09 46.2	-63 51 25	 9.40
287.846250	-64.219167	401	ESO104-G044   	p	19 11 23.1	-64 13 09	 8.40
289.174583	+63.971667	402	NGC6789       	p	19 16 41.9	+63 58 18	 3.60
292.495833	-17.678056	403	ESO594-G004   	s	19 29 59.0	-17 40 41	 1.04
294.406667	-65.811944	404	IC4870        	p	19 37 37.6	-65 48 43	 9.90
296.235833	-14.789167	405	NGC6822       	s	19 44 56.6	-14 47 21	 0.50
302.380000	-61.846389	406	IC4951        	p	20 09 31.2	-61 50 47	 9.30
307.563750	+60.440278	407	UGC11583      	s	20 30 15.3	+60 26 25	 5.90
307.637083	+60.354722	408	LEDA166192    	s	20 30 32.9	+60 21 17	 5.90
307.883333	+60.812222	409	LEDA166193    	s	20 31 32.0	+60 48 44	 5.90
308.717917	+60.153889	410	NGC6946       	s	20 34 52.3	+60 09 14	 5.90
311.336667	+60.411111	411	KKR55         	s	20 45 20.8	+60 24 40	 5.90
311.715833	-12.848056	412	DDO210        	p	20 46 51.8	-12 50 53	 0.94
312.100417	+58.618333	413	KKR56         	s	20 48 24.1	+58 37 06	 5.90
312.794167	+56.890278	414	CEPHEUS1      	s	20 51 10.6	+56 53 25	 5.90
313.026250	-69.203611	415	IC5052        	p	20 52 06.3	-69 12 13	 5.90
315.850833	+57.287222	416	KKR59         	s	21 03 24.2	+57 17 14	 5.90
316.463750	+57.208889	417	KKR60         	s	21 05 51.3	+57 12 32	 5.90
322.262500	-52.767500	418	NGC7064       	p	21 29 03.0	-52 46 03	 9.90
324.119167	-54.556667	419	NGC7090       	p	21 36 28.6	-54 33 24	10.40
330.674583	-51.295556	420	IC5152        	p	22 02 41.9	-51 17 44	 1.97
330.891250	+43.749167	421	UGC11891      	s	22 03 33.9	+43 44 57	10.80
335.625000	-48.405000	422	ESO238-G005   	s	22 22 30.0	-48 24 18	 8.90
342.440833	-68.690556	423	IC5256        	p	22 49 45.8	-68 41 26	10.80
350.527500	+40.845278	424	NGC7640       	s	23 22 06.6	+40 50 43	 8.90
351.176667	+41.346667	425	UGC12588      	s	23 24 42.4	+41 20 48	 9.50
351.614583	-32.388889	426	UGCA438       	p	23 26 27.5	-32 23 20	 2.22
351.733333	-37.346944	427	ESO347-G017   	p	23 26 56.0	-37 20 49	 9.40
352.150833	+14.743056	428	UGC12613      	p	23 28 36.2	+14 44 35	 0.76
352.494583	+40.990278	429	UGC12632      	s	23 29 58.7	+40 59 25	 9.60
353.614167	-36.101389	430	IC5332        	p	23 34 27.4	-36 06 05	 9.50
354.064167	-37.938611	431	NGC7713       	p	23 36 15.4	-37 56 19	 9.30
354.560000	+30.708056	432	UGC12713      	p	23 38 14.4	+30 42 29	 7.70
355.939583	-31.956111	433	UGCA442       	p	23 43 45.5	-31 57 22	 4.27
357.347917	-37.771944	434	ESO348-G009   	s	23 49 23.5	-37 46 19	 8.60
358.011667	-52.577778	435	ESO149-G003   	s	23 52 02.8	-52 34 40	 6.40
359.457083	-32.591667	436	NGC7793       	p	23 57 49.7	-32 35 30	 3.91