_RAJ2000;_DEJ2000;Name;Dist;RAJ2000;DEJ2000;logMBH
deg;deg; ;Mpc;"h:m:s";"d:m:s";[Msun]
-----------;-----------;----------------------------;------;-----------;-----------;-----
054.8054167;-35.3714444;AM 0337-353                 ;18.850;03 39 13.30;-35 22 17.2;
192.5322500;-41.3980000;AM 1247-410                 ;36.600;12 50 07.74;-41 23 52.8;
200.4475000;-45.0616667;AM 1318-444                 ; 3.960;13 21 47.40;-45 03 42.0;
029.0500417; +5.5885833;ARK 65                      ;10.800;01 56 12.01;+05 35 18.9;
180.4715417;-18.8771944;ARP 244                     ;21.500;12 01 53.17;-18 52 37.9;
222.3774167;-10.1733056;ARP 261 NED01               ;28.800;14 49 30.58;-10 10 23.9;
192.1653750;-41.2682222;CCC 61                      ;44.200;12 48 39.69;-41 16 05.6;
192.4172500;-41.3661944;CCC 111                     ;37.700;12 49 40.14;-41 21 58.3;
192.4833333;-41.4012222;CCC 123                     ;37.300;12 49 56.00;-41 24 04.4;
213.2914583;-65.3392222;Circinus Galaxy             ; 4.210;14 13 09.95;-65 20 21.2;
204.5430000; -9.8018333;DDO 180                     ;22.700;13 38 10.32;-09 48 06.6;
260.0516250;+57.9153611;Draco Dwarf                 ; 0.093;17 20 12.39;+57 54 55.3;
044.2123333;+58.9107778;Dwingeloo 1                 ; 5.300;02 56 50.96;+58 54 38.8;
093.9757917;-57.7254444;ESO 121- G 20               ; 6.080;06 15 54.19;-57 43 31.6;
243.7660833;-60.9072500;ESO 137- G 6                ;41.600;16 15 03.86;-60 54 26.1; 9.61
254.7622917;-60.2160278;ESO 138- G 10               ;14.700;16 59 02.95;-60 12 57.7;
302.3567083;-48.2847778;ESO 233- G 35               ;47.100;20 09 25.61;-48 17 05.2;
001.5829583;-41.4999167;ESO 293-IG 034              ;20.900;00 06 19.91;-41 29 59.7;
192.2672917;-41.3390000;ESO 322- G 93               ;47.700;12 49 04.15;-41 20 20.4;
192.4076667;-41.3882222;ESO 322- G 102              ;30.500;12 49 37.84;-41 23 17.6; 6.85
109.1301250;-29.3247222;ESO 428- G 14               ;23.200;07 16 31.23;-29 19 29.0;
121.7858333;-28.0523333;ESO 430- G 20               ;15.700;08 07 08.60;-28 03 08.4;
335.8192083;-28.9809722;ESO 467- G 51               ;22.100;22 23 16.61;-28 58 51.5;
129.0632917;-26.4093611;ESO 495- G 21               ; 8.230;08 36 15.19;-26 24 33.7;
192.8827083;-26.4521389;ESO 507- G 25               ;40.200;12 51 31.85;-26 27 07.7; 8.90
054.2690000;-35.5906111;FCC 188                     ;19.400;03 37 04.56;-35 35 26.2;
054.5802500;-35.1290833;FCC 207                     ;17.550;03 38 19.26;-35 07 44.7; 5.59
054.5896667;-35.2594722;FCC 211                     ;21.800;03 38 21.52;-35 15 34.1;
054.6568750;-35.7576111;FCC 215                     ;19.300;03 38 37.65;-35 45 27.4;
159.1916667;-27.5236389;GALEXASC J103645.93-273126.4;38.800;10 36 46.00;-27 31 25.1;
192.2245833;-41.3191667;GALEXASC J124854.06-411907.1;32.800;12 48 53.90;-41 19 09.0;
159.2190417;-27.5378611;HCC 19                      ;38.500;10 36 52.57;-27 32 16.3;
159.2037917;-27.5004167;HCC 23                      ;34.300;10 36 48.91;-27 30 01.5;
159.1904167;-27.5089167;HCC 27                      ;36.700;10 36 45.70;-27 30 32.1;
159.2508333;-27.4981667;HCC 29                      ;37.200;10 37 00.20;-27 29 53.4;
149.3833333;+69.0458333;Holmberg IX                 ; 3.770;09 57 32.00;+69 02 45.0;
005.0722500;+59.3037778;IC 10                       ; 0.830;00 20 17.34;+59 18 13.6; 4.41
036.6177083; +1.1604167;IC 225                      ;20.900;02 26 28.25;+01 09 37.5;
039.1159583;+38.9690556;IC 239                      ;14.200;02 36 27.83;+38 58 08.6; 6.56
056.7021250;+68.0961111;IC 342                      ; 3.390;03 46 48.51;+68 05 46.0; 6.07
074.4963333;+68.3235833;IC 396                      ;16.500;04 57 59.12;+68 19 24.9;
179.6415833;+42.7340833;IC 749                      ;45.200;11 58 33.98;+42 44 02.7;
179.7176250;+42.7224167;IC 750                      ;27.800;11 58 52.23;+42 43 20.7;
188.1391667;+15.4155000;IC 798                      ;16.100;12 32 33.40;+15 24 55.8;
190.5360833;+11.7542778;IC 809                      ;16.100;12 42 08.66;+11 45 15.4;
278.4690417;+49.2786111;IC 1291                     ;31.500;18 33 52.57;+49 16 43.0;
344.2945417;-36.4624722;IC 1459                     ;30.400;22 57 10.69;-36 27 44.9; 9.27
016.1991250; +2.1177778;IC 1613                     ; 0.859;01 04 47.79;+02 07 04.0;
026.8745417;+27.3333611;IC 1727                     ; 7.450;01 47 29.89;+27 20 00.1; 7.45
094.1167083;-21.3758611;IC 2163                     ;35.400;06 16 28.01;-21 22 33.1;
154.0777917;-33.5638333;IC 2560                     ;46.900;10 16 18.67;-33 33 49.8; 7.57
157.0978333;+68.4121389;IC 2574                     ; 4.020;10 28 23.48;+68 24 43.7; 4.30
182.3427500;+13.9924167;IC 3019                     ;17.100;12 09 22.26;+13 59 32.7;
182.5962083;+10.1885556;IC 3025                     ;19.200;12 10 23.09;+10 11 18.8;
182.7823333;+14.2748056;IC 3032                     ;14.900;12 11 07.76;+14 16 29.3;
183.8022500;+14.4328611;IC 3065                     ;16.500;12 15 12.54;+14 25 58.3;
184.3318750;+11.9434722;IC 3101                     ;17.900;12 17 19.65;+11 56 36.5;
186.2015417;+18.1950833;IC 3292                     ;15.800;12 24 48.37;+18 11 42.3;
186.4915000;+10.0537222;IC 3328                     ;18.000;12 25 57.96;+10 03 13.4; 4.28
187.0618750;+11.7899167;IC 3381                     ;19.000;12 28 14.85;+11 47 23.7; 4.62
187.0513333;+10.2976667;IC 3383                     ;16.200;12 28 12.32;+10 17 51.6; 4.24
187.8341250;+14.1151944;IC 3442                     ;16.900;12 31 20.19;+14 06 54.7;
188.0114167;+11.8900833;IC 3461                     ;16.800;12 32 02.74;+11 53 24.3; 3.91
188.0236667;+11.8179167;IC 3466                     ;17.000;12 32 05.68;+11 49 04.5;
188.0592083;+10.2515556;IC 3468                     ;21.300;12 32 14.21;+10 15 05.6; 4.34
188.0972917;+11.2632222;IC 3470                     ;16.100;12 32 23.35;+11 15 47.6;
188.3083750;+12.8578333;IC 3486                     ;15.900;12 33 14.01;+12 51 28.2; 4.64
188.3060000; +9.3973611;IC 3487                     ;16.200;12 33 13.44;+09 23 50.5; 3.94
188.3079167;+10.9285278;IC 3490                     ;18.200;12 33 13.90;+10 55 42.7;
188.3323750;+12.8535556;IC 3492                     ;16.800;12 33 19.77;+12 51 12.8;
188.4650417;+13.3226111;IC 3501                     ;16.300;12 33 51.61;+13 19 21.4;
188.5280833;+12.7416111;IC 3506                     ;17.000;12 34 06.74;+12 44 29.8;
188.5481667;+12.0488611;IC 3509                     ;16.800;12 34 11.56;+12 02 55.9;
188.6646250; +7.1601944;IC 3521                     ;16.700;12 34 39.51;+07 09 36.7;
189.1812083;+13.2593333;IC 3583                     ; 9.520;12 36 43.49;+13 15 33.6;
189.2285833;+12.5201389;IC 3586                     ;16.500;12 36 54.86;+12 31 12.5;
189.7695833;+14.7311389;IC 3612                     ;14.600;12 39 04.70;+14 43 52.1;
190.0468750; +9.8959444;IC 3633                     ;16.100;12 40 11.25;+09 53 45.4; 3.36
190.0555417;+12.8750000;IC 3635                     ;16.900;12 40 13.33;+12 52 30.0;
190.2440000;+11.1845000;IC 3652                     ;16.100;12 40 58.56;+11 11 04.2;
190.3155000;+11.3871667;IC 3653                     ;15.500;12 41 15.72;+11 23 13.8; 5.13
190.4142083;+12.2473889;IC 3663                     ;15.700;12 41 39.41;+12 14 50.6;
190.7417500;+10.6818056;IC 3693                     ;16.800;12 42 58.02;+10 40 54.5;
191.3349167;+13.6926944;IC 3735                     ;17.200;12 45 20.38;+13 41 33.7; 4.50
191.8135833;+10.2034444;IC 3773                     ;25.500;12 47 15.26;+10 12 12.4; 5.67
191.8360000;+12.1664167;IC 3779                     ;15.800;12 47 20.64;+12 09 59.1; 4.84
277.1582083;-66.9822778;IC 4710                     ; 7.380;18 28 37.97;-66 58 56.2;
344.3065417;-43.3961389;IC 5267                     ;24.500;22 57 13.57;-43 23 46.1;
352.1809583;-41.3334722;IC 5325                     ;18.100;23 28 43.43;-41 20 00.5;
353.6145417;-36.1010833;IC 5332                     ; 8.400;23 34 27.49;-36 06 03.9;
027.9595833; -5.4965278;KUG 0149-057                ;36.100;01 51 50.30;-05 29 47.5;
145.0535000;+29.5917500;KUG 0937+298                ;19.800;09 40 12.84;+29 35 30.3;
055.0980833;-35.2768056;LSBG F358-037               ;14.300;03 40 23.54;-35 16 36.5;
054.3918750;-35.8293889;LSBG F358-044               ;26.200;03 37 34.05;-35 49 45.8;
054.3249167;-35.6985556;LSBG F358-045               ;21.000;03 37 17.98;-35 41 54.8;
143.7225000;+17.0513889;Leo T                       ; 0.407;09 34 53.40;+17 03 05.0;
013.5150417;+73.0866111;MCG +12-02-001              ;41.600;00 54 03.61;+73 05 11.8;
016.2703333; -6.2123889;MCG -01-03-085              ;11.650;01 05 04.88;-06 12 44.6;
016.2860000; -6.2793056;MCG -01-03-088              ;32.500;01 05 08.64;-06 16 45.5;
200.6020000;-16.7283611;MCG -03-34-064              ;45.500;13 22 24.48;-16 43 42.1;
054.2262917;-35.3747222;MCG -06-09-008              ;19.600;03 36 54.31;-35 22 29.0; 5.65
010.6847083;+41.2687500;M31                         ; 0.929;00 42 44.33;+41 16 07.5; 7.94
010.6742500;+40.8651667;M32                         ; 0.830;00 42 41.82;+40 51 54.6; 6.01
023.4620833;+30.6599444;M33                         ; 1.170;01 33 50.90;+30 39 35.8; 3.22
187.4450000; +8.0004167;M49                         ;17.800;12 29 46.80;+08 00 01.5; 9.16
202.4696250;+47.1951667;M51a                        ; 8.280;13 29 52.71;+47 11 42.6; 6.65
202.4982917;+47.2661389;M51b                        ; 8.280;13 29 59.59;+47 15 58.1; 7.24
189.4316667;+11.8180833;M58                         ;21.000;12 37 43.60;+11 49 05.1; 7.88
190.5096667;+11.6469167;M59                         ;19.100;12 42 02.32;+11 38 48.9; 8.58
190.9167083;+11.5526111;M60                         ;19.100;12 43 40.01;+11 33 09.4; 9.48
185.4789583; +4.4735833;M61                         ;15.200;12 21 54.95;+04 28 24.9; 6.35
198.9555417;+42.0292778;M63                         ; 9.320;13 15 49.33;+42 01 45.4; 7.10
194.1820833;+21.6826667;M64                         ; 7.480;12 56 43.70;+21 40 57.6; 6.65
169.7331667;+13.0922222;M65                         ;15.400;11 18 55.96;+13 05 32.0; 7.47
170.0626250;+12.9912778;M66                         ;15.600;11 20 15.03;+12 59 28.6; 7.23
024.1740417;+15.7834722;M74                         ;10.200;01 36 41.77;+15 47 00.5; 6.01
040.6698750; -0.0132778;M77                         ;14.400;02 42 40.77;-00 00 47.8; 7.84
148.8882500;+69.0652500;M81                         ; 4.020;09 55 33.18;+69 03 54.9; 7.83
125.9795833;+71.0322222;M81 DWARF A                 ; 3.550;08 23 55.10;+71 01 56.0;
148.9684583;+69.6796944;M82                         ; 3.890;09 55 52.43;+69 40 46.9; 7.33
204.2538333;-29.8657500;M83                         ; 4.660;13 37 00.92;-29 51 56.7;
186.2657500;+12.8869722;M84                         ;19.200;12 25 03.78;+12 53 13.1; 9.29
186.3502083;+18.1910833;M85                         ;19.000;12 25 24.05;+18 11 27.9; 8.05
186.5492083;+12.9459722;M86                         ;19.500;12 26 11.81;+12 56 45.5; 8.67
187.7059167;+12.3911111;M87                         ;17.500;12 30 49.42;+12 23 28.0; 9.46
187.3479583;+12.4507778;M87 DW07                    ;16.900;12 29 23.51;+12 27 02.8;
186.3897083;+13.2272222;M87 DW27                    ;15.650;12 25 33.53;+13 13 38.0;
187.9967500;+14.4204167;M88                         ;36.800;12 31 59.22;+14 25 13.5; 7.90
188.9161667;+12.5560278;M89                         ;16.200;12 35 39.88;+12 33 21.7; 8.84
189.2075833;+13.1628611;M90                         ;16.600;12 36 49.82;+13 09 46.3; 7.44
188.8601250;+14.4963333;M91                         ;19.800;12 35 26.43;+14 29 46.8; 7.03
192.7214583;+41.1201389;M94                         ; 5.200;12 50 53.15;+41 07 12.5; 7.00
160.9905417;+11.7036111;M95                         ;12.600;10 43 57.73;+11 42 13.0; 7.15
161.6905833;+11.8199444;M96                         ;10.700;10 46 45.74;+11 49 11.8; 7.31
184.7067917;+14.4165000;M99                         ;19.100;12 18 49.63;+14 24 59.4; 6.33
185.7287500;+15.8223889;M100                        ;21.400;12 22 54.90;+15 49 20.6; 6.32
210.8024167;+54.3487500;M101                        ;10.700;14 03 12.58;+54 20 55.5; 3.48
189.9978750;-11.6230833;M104                        ;11.300;12 39 59.49;-11 37 23.1; 8.73
161.9566667;+12.5816389;M105                        ;12.600;10 47 49.60;+12 34 53.9; 8.38
184.7400833;+47.3037222;M106                        ; 7.310;12 18 57.62;+47 18 13.4; 7.63
167.8790417;+55.6741111;M108                        ;19.300;11 11 30.97;+55 40 26.8; 6.22
010.0920000;+41.6853056;M110                        ; 0.800;00 40 22.08;+41 41 07.1; 3.45
177.5113750;+15.0231944;MRK 0750                    ;10.200;11 50 02.73;+15 01 23.5;
039.1477917;+59.6545833;Maffei 1                    ; 4.150;02 36 35.47;+59 39 16.5; 8.16
040.4795417;+59.6040833;Maffei 2                    ; 3.520;02 41 55.09;+59 36 14.7;
002.1934167;+15.8155278;NGC 14                      ; 5.730;00 08 46.42;+15 48 55.9;
002.4855833;-24.9631389;NGC 24                      ; 7.670;00 09 56.54;-24 57 47.3;
003.5166250;-23.1820833;NGC 45                      ; 6.640;00 14 03.99;-23 10 55.5;
003.7233333;-39.1966389;NGC 55                      ; 2.010;00 14 53.60;-39 11 47.9;
009.8952083; +0.8598889;NGC 201                     ;40.100;00 39 34.85;+00 51 35.6;
011.7856250;-20.7603889;NGC 247                     ; 4.370;00 47 08.55;-20 45 37.4;
011.8880417;-25.2888056;NGC 253                     ; 3.940;00 47 33.13;-25 17 19.7;
011.9471250;-11.4686944;NGC 255                     ;20.000;00 47 47.31;-11 28 07.3;
013.0179167;+47.5505278;NGC 278                     ;11.800;00 52 04.30;+47 33 01.9; 5.07
013.1765000;-31.2058333;NGC 289                     ;24.800;00 52 42.36;-31 12 21.0;
013.7228333;-37.6843889;NGC 300                     ; 2.160;00 54 53.48;-37 41 03.8;
014.9587083; -7.5779722;NGC 337                     ;18.200;00 59 50.09;-07 34 40.7;
016.8543750;-69.8791667;NGC 406                     ;23.000;01 07 25.05;-69 52 45.0;
019.9368333; +3.4099722;NGC 470                     ;45.000;01 19 44.84;+03 24 35.9;
020.0279167; +3.4152778;NGC 474                     ;33.000;01 20 06.70;+03 24 55.0; 7.85
021.1461250; +3.7924167;NGC 520                     ;37.750;01 24 35.07;+03 47 32.7; 4.71
021.1987917; +9.5388056;NGC 524                     ;24.000;01 24 47.71;+09 32 19.7; 8.85
022.8364583; -6.8680556;NGC 584                     ;20.800;01 31 20.75;-06 52 05.0;
023.5759583;-29.4185000;NGC 613                     ;31.700;01 34 18.23;-29 25 06.6;
023.7692917;-41.4361944;NGC 625                     ; 4.210;01 35 04.63;-41 26 10.3;
025.7597917;+13.6456667;NGC 660                     ;13.600;01 43 02.35;+13 38 44.4; 7.30
026.9771667;+27.4327778;NGC 672                     ; 7.180;01 47 54.52;+27 25 58.0; 5.75
026.9283333;-52.7617778;NGC 685                     ;15.200;01 47 42.80;-52 45 42.4;
028.2247500;+36.0528889;NGC 710                     ;35.700;01 52 53.94;+36 03 10.4;
028.2521667;-13.7386667;NGC 720                     ;27.700;01 53 00.52;-13 44 19.2;
032.0881250;+10.9948611;NGC 821                     ;24.300;02 08 21.15;+10 59 41.5; 8.42
032.3524583;-10.1358611;NGC 835                     ;34.000;02 09 24.59;-10 08 09.1;
033.5150417;+27.8771667;NGC 855                     ; 8.830;02 14 03.61;+27 52 37.8;
035.6376250;+42.3481111;NGC 891                     ; 9.120;02 22 33.03;+42 20 53.2; 6.04
036.2683333;-24.7881944;NGC 922                     ;45.850;02 25 04.40;-24 47 17.5;
036.8204583;+33.5788889;NGC 925                     ;13.900;02 27 16.91;+33 34 44.0; 6.00
037.7027083;+37.1368056;NGC 949                     ;11.300;02 30 48.65;+37 08 12.5;
038.0997500;+35.4946667;NGC 959                     ;17.200;02 32 23.94;+35 29 40.8; 4.87
038.8656250; -9.3561944;NGC 988                     ;18.300;02 35 27.75;-09 21 22.3;
038.8861667; -7.1544444;NGC 991                     ;18.800;02 35 32.68;-07 09 16.0;
039.8203750;+40.8723056;NGC 1003                    ;13.500;02 39 16.89;+40 52 20.3;
040.1000417;+39.0632500;NGC 1023                    ;12.200;02 40 24.01;+39 03 47.7; 8.36
040.1207500;+19.2970833;NGC 1036                    ; 8.070;02 40 28.98;+19 17 49.5;
040.0999167; -8.4336389;NGC 1042                    ;15.000;02 40 23.98;-08 26 01.1;
040.2700417; -8.2558333;NGC 1052                    ;20.600;02 41 04.81;-08 15 21.0; 8.47
040.4384583; +0.4431667;NGC 1055                    ;22.600;02 41 45.23;+00 26 35.4; 6.24
040.8752500;+37.3411944;NGC 1058                    ; 9.550;02 43 30.06;+37 20 28.3; 4.10
040.9191667; +1.3758611;NGC 1073                    ;15.200;02 43 40.60;+01 22 33.1; 3.60
041.5794167;-30.2749167;NGC 1097                    ;21.000;02 46 19.06;-30 16 29.7;
044.9262500;+25.2378333;NGC 1156                    ; 6.400;02 59 42.30;+25 14 16.2; 4.43
045.3052083;+44.9554167;NGC 1160                    ;32.000;03 01 13.25;+44 57 19.5; 3.52
045.4001667;-14.8366389;NGC 1172                    ;22.100;03 01 36.04;-14 50 11.9; 7.01
045.6566250;-22.8671667;NGC 1187                    ;22.200;03 02 37.59;-22 52 01.8;
045.9099167;-15.6135000;NGC 1199                    ;33.900;03 03 38.38;-15 36 48.6; 8.35
047.4396250;-20.5793056;NGC 1232                    ;22.000;03 09 45.51;-20 34 45.5;
047.5080833;-20.6005833;NGC 1232A                   ;21.100;03 10 01.94;-20 36 02.1;
049.3275000;-41.1080833;NGC 1291                    ; 8.600;03 17 18.60;-41 06 29.1; 7.97
049.9211667;-19.4113611;NGC 1300                    ;22.600;03 19 41.08;-19 24 40.9; 8.50
049.5668750;-66.4982500;NGC 1313                    ; 4.610;03 18 16.05;-66 29 53.7;
050.7775417;-21.3751944;NGC 1315                    ;12.100;03 23 06.61;-21 22 30.7; 5.52
050.6741250;-37.2081944;NGC 1316                    ;22.700;03 22 41.79;-37 12 29.5; 8.60
050.6845417;-37.1037778;NGC 1317                    ;16.900;03 22 44.29;-37 06 13.6;
051.2022917;-21.3362222;NGC 1325A                   ;17.700;03 24 48.55;-21 20 10.4;
051.6181250;-21.3556667;NGC 1331                    ;22.900;03 26 28.35;-21 21 20.4; 5.48
051.5721667;-21.3353611;NGC 1332                    ;24.600;03 26 17.32;-21 20 07.3; 9.38
051.9934583;-37.1499722;NGC 1341                    ;16.900;03 27 58.43;-37 08 59.9; 6.30
052.0819583;-31.0681667;NGC 1344                    ;21.800;03 28 19.67;-31 04 05.4; 7.89
053.4019167;-36.1406667;NGC 1365                    ;26.200;03 33 36.46;-36 08 26.4; 7.68
053.8107083;-20.3736667;NGC 1370                    ;19.100;03 35 14.57;-20 22 25.2; 5.96
053.7556250;-24.9331111;NGC 1371                    ;25.700;03 35 01.35;-24 55 59.2;
054.1628333;-20.9022500;NGC 1377                    ;25.700;03 36 39.08;-20 54 08.1;
054.1149583;-34.9763056;NGC 1380                    ;21.200;03 36 27.59;-34 58 34.7; 8.51
054.2872917;-35.1950278;NGC 1380B                   ;22.600;03 37 08.95;-35 11 42.1; 6.19
054.1926667;-35.9992778;NGC 1386                    ;16.500;03 36 46.24;-35 59 57.4; 7.89
054.2377917;-35.5066667;NGC 1387                    ;20.300;03 36 57.07;-35 30 24.0; 7.95
054.2988750;-35.7461389;NGC 1389                    ;21.700;03 37 11.73;-35 44 46.1; 7.42
054.6241250;-23.0276944;NGC 1395                    ;24.800;03 38 29.79;-23 01 39.7; 8.77
054.5274167;-35.4399167;NGC 1396                    ;20.100;03 38 06.58;-35 26 23.7; 5.83
054.7172083;-26.3378333;NGC 1398                    ;24.800;03 38 52.13;-26 20 16.2;
054.6211667;-35.4507500;NGC 1399                    ;24.900;03 38 29.08;-35 27 02.7; 9.55
054.8785417;-18.6881389;NGC 1400                    ;27.400;03 39 30.85;-18 41 17.3; 8.83
054.7163333;-35.5943889;NGC 1404                    ;22.200;03 38 51.92;-35 35 39.8; 8.67
055.0495833;-18.5803889;NGC 1407                    ;28.800;03 40 11.90;-18 34 49.4; 8.99
055.7046250;-22.1083889;NGC 1426                    ;24.400;03 42 49.11;-22 06 30.2; 7.67
055.5809583;-35.3926944;NGC 1427                    ;23.700;03 42 19.43;-35 23 33.7; 7.83
055.0387500;-35.6244444;NGC 1427A                   ;16.900;03 40 09.30;-35 37 28.0;
056.2081667;-21.9205000;NGC 1439                    ;26.700;03 44 49.96;-21 55 13.8; 7.66
056.1330000;-44.6448333;NGC 1448                    ;23.700;03 44 31.92;-44 38 41.4;
058.6622083;-20.5024444;NGC 1482                    ;19.600;03 54 38.93;-20 30 08.8;
059.3640833;-46.2107500;NGC 1493                    ;11.300;03 57 27.38;-46 12 38.7;
061.1133750; -2.1885833;NGC 1507                    ;13.100;04 04 27.21;-02 11 18.9;
059.9040833;-67.6342500;NGC 1511                    ;19.000;03 59 36.98;-67 38 03.3;
060.2279167;-67.6119444;NGC 1511B                   ; 8.387;04 00 54.70;-67 36 43.0;
065.8629167;+75.2955833;NGC 1530                    ;36.600;04 23 27.10;+75 17 44.1;
062.7494167;-56.4804444;NGC 1536                    ;13.400;04 10 59.86;-56 28 49.6;
064.0436250;-55.7801389;NGC 1553                    ;18.700;04 16 10.47;-55 46 48.5; 8.04
067.7049583;+64.8479167;NGC 1569                    ; 3.400;04 30 49.19;+64 50 52.5; 4.89
067.6823750; +0.6647222;NGC 1588                    ;34.200;04 30 43.77;+00 39 53.0; 7.68
067.9238750; -5.0602778;NGC 1601                    ;49.600;04 31 41.73;-05 03 37.0; 8.13
067.9582083; -5.0944444;NGC 1603                    ;49.600;04 31 49.97;-05 05 40.0; 7.03
070.3676250; -2.8580278;NGC 1637                    ;12.000;04 41 28.23;-02 51 28.9;
070.4021250; -1.8090278;NGC 1638                    ;27.900;04 41 36.51;-01 48 32.5; 7.58
070.5605417;-20.4347778;NGC 1640                    ;19.100;04 42 14.53;-20 26 05.2;
071.4272917;-59.2474167;NGC 1672                    ;14.500;04 45 42.55;-59 14 50.7; 6.68
074.2347917; -4.8657222;NGC 1700                    ;46.400;04 56 56.35;-04 51 56.6; 8.71
073.2172500;-59.7422222;NGC 1703                    ;17.400;04 52 52.14;-59 44 32.0;
073.5562500;-53.3610556;NGC 1705                    ; 5.510;04 54 13.50;-53 21 39.8; 5.98
075.0653750; -3.3525000;NGC 1729                    ;37.700;05 00 15.69;-03 21 09.0;
076.6071667;-31.9542222;NGC 1800                    ; 8.020;05 06 25.72;-31 57 15.2;
076.9264167;-37.5130556;NGC 1808                    ;12.300;05 07 42.34;-37 30 47.0; 7.64
085.4630000;-64.3011389;NGC 2082                    ;12.100;05 41 51.12;-64 18 04.1;
088.0475000; -7.4561667;NGC 2110                    ;34.300;05 52 11.40;-07 27 22.2; 8.86
090.2831667;-23.6723056;NGC 2139                    ;37.000;06 01 07.96;-23 40 20.3;
094.6571250;+78.3570278;NGC 2146                    ;18.000;06 18 37.71;+78 21 25.3; 7.28
092.0091667;-21.7466667;NGC 2179                    ;34.200;06 08 02.20;-21 44 48.0;
094.0920417;-21.3727222;NGC 2207                    ;39.600;06 16 22.09;-21 22 21.8;
095.4157500;-27.2337500;NGC 2217                    ;25.600;06 21 39.78;-27 14 01.5;
100.6721250;-27.4594722;NGC 2272                    ;32.600;06 42 41.31;-27 27 34.1; 7.82
111.8098333;+85.7545556;NGC 2276                    ;36.800;07 27 14.36;+85 45 16.4; 6.34
102.1554167;-64.2733333;NGC 2305                    ;47.700;06 48 37.30;-64 16 24.0; 8.79
107.5565833;+44.4573333;NGC 2337                    ;11.800;07 10 13.58;+44 27 26.4;
114.2141667;+65.6025556;NGC 2403                    ; 4.270;07 36 51.40;+65 36 09.2; 5.89
113.7131667;-69.2841389;NGC 2434                    ;22.200;07 34 51.16;-69 17 02.9; 8.16
120.4717917;+50.7371111;NGC 2500                    ;10.100;08 01 53.23;+50 44 13.6; 5.04
123.6669583;+49.0614444;NGC 2541                    ;16.200;08 14 40.07;+49 03 41.2; 5.31
124.8356667;+50.0097500;NGC 2552                    ; 9.850;08 19 20.56;+50 00 35.1;
132.0193750;+74.0988056;NGC 2633                    ;32.900;08 48 04.65;+74 05 55.7; 6.71
132.1059583;+73.9671111;NGC 2634                    ;45.200;08 48 25.43;+73 58 01.6; 8.09
131.2843750;-33.7947500;NGC 2663                    ;29.600;08 45 08.25;-33 47 41.1; 9.16
133.3864167;+51.3137222;NGC 2681                    ;17.200;08 53 32.74;+51 18 49.4; 6.94
133.1722917;+33.4218056;NGC 2683                    ; 8.590;08 52 41.35;+33 25 18.5; 7.34
138.4293333;+76.4753333;NGC 2748                    ;23.100;09 13 43.04;+76 28 31.2; 6.32
137.9062500;+60.0372222;NGC 2768                    ;23.000;09 11 37.50;+60 02 14.0; 8.09
137.3904583;+33.1235278;NGC 2770                    ;36.000;09 09 33.71;+33 07 24.7; 6.27
138.1016250;+35.0274167;NGC 2778                    ;23.200;09 12 24.39;+35 01 38.7; 7.83
138.5213333;+40.1138056;NGC 2782                    ;32.500;09 14 05.12;+40 06 49.7; 8.11
139.8272500;+69.2033889;NGC 2787                    ; 7.480;09 19 18.54;+69 12 12.2; 8.33
139.3456250;+41.9997222;NGC 2798                    ;36.600;09 17 22.95;+41 59 59.0; 7.01
139.3793333;+41.9941389;NGC 2799                    ;27.400;09 17 31.04;+41 59 38.9;
140.0850417;+64.1027778;NGC 2805                    ;28.200;09 20 20.41;+64 06 10.0;
139.4704583;-22.3546667;NGC 2835                    ;17.400;09 17 52.91;-22 21 16.8;
140.5110833;+50.9764722;NGC 2841                    ;14.600;09 22 02.66;+50 58 35.3; 8.55
140.8758333;-23.1615000;NGC 2865                    ;38.900;09 23 30.20;-23 09 41.4; 7.96
143.0421250;+21.5008333;NGC 2903                    ;11.700;09 32 10.11;+21 30 03.0; 6.48
143.0260417; +8.4419167;NGC 2906                    ;42.650;09 32 06.25;+08 26 30.9;
141.5480417;-76.6263333;NGC 2915                    ; 4.290;09 26 11.53;-76 37 34.8;
144.5215000; +9.6166111;NGC 2940                    ;41.600;09 38 05.16;+09 36 59.8; 9.68
145.8795833;+31.9768056;NGC 2970                    ;28.800;09 43 31.10;+31 58 36.5; 4.84
146.8144167;+67.9163889;NGC 2976                    ; 3.630;09 47 15.46;+67 54 59.0; 4.44
147.5926250;+72.2786389;NGC 2985                    ;20.600;09 50 22.23;+72 16 43.1; 7.52
146.0668333;-21.2782778;NGC 2986                    ;41.300;09 44 16.04;-21 16 41.8; 8.91
146.4251667;-14.3263611;NGC 2992                    ;38.000;09 45 42.04;-14 19 34.9; 7.89
146.4513750;-14.3683333;NGC 2993                    ;30.500;09 45 48.33;-14 22 06.0;
146.4116250;-31.1910833;NGC 2997                    ;13.100;09 45 38.79;-31 11 27.9;
147.4218333;+32.2210000;NGC 3011                    ;24.100;09 49 41.24;+32 13 15.6;
150.5454583;+72.1252500;NGC 3066                    ;32.400;10 02 10.91;+72 07 30.9;
150.2168333;+55.6189444;NGC 3073                    ;34.000;10 00 52.04;+55 37 08.2; 4.41
150.8294583;+68.7339444;NGC 3077                    ; 4.040;10 03 19.07;+68 44 02.2; 4.20
149.6024167;-26.9265556;NGC 3078                    ;37.800;09 58 24.58;-26 55 35.6; 8.83
150.4913333;+55.6800000;NGC 3079                    ;20.600;10 01 57.92;+55 40 48.0; 8.10
151.3082500; -7.7185833;NGC 3115                    ;10.300;10 05 13.98;-07 43 06.9; 8.83
153.5629167; +3.4661111;NGC 3169                    ;24.700;10 14 15.10;+03 27 58.0; 8.18
154.5707500;+41.4243889;NGC 3184                    ;14.400;10 18 16.98;+41 25 27.8; 4.85
154.5235000;+21.8319444;NGC 3190                    ;31.000;10 18 05.64;+21 49 55.0; 8.17
154.6036667;+21.8939722;NGC 3193                    ;34.000;10 18 24.88;+21 53 38.3; 8.24
154.9791250;+45.5496944;NGC 3198                    ;17.600;10 19 54.99;+45 32 58.9; 5.00
155.8625417;+19.8984444;NGC 3226                    ;23.800;10 23 27.01;+19 53 54.4; 8.24
156.2703750;+17.1635833;NGC 3239                    ; 8.100;10 25 04.89;+17 09 48.9;
156.8265417;+28.5074444;NGC 3245                    ;21.300;10 27 18.37;+28 30 26.8; 8.42
157.8505417;-35.2204722;NGC 3258C                   ;32.900;10 31 24.13;-35 13 13.7;
157.9822083;-35.4098333;NGC 3258D                   ;19.500;10 31 55.73;-35 24 35.4;
158.0720000;+27.6687778;NGC 3274                    ;24.400;10 32 17.28;+27 40 07.6;
157.8974583;-39.9546111;NGC 3278                    ;38.600;10 31 35.39;-39 57 16.6;
158.6970833;+21.6482778;NGC 3287                    ;26.200;10 34 47.30;+21 38 53.8;
159.0991667;+12.7073889;NGC 3299                    ; 5.400;10 36 23.80;+12 42 26.6;
159.0932083;-27.4381111;NGC 3308                    ;40.600;10 36 22.37;-27 26 17.2;
159.6910833;+53.5033056;NGC 3310                    ;18.700;10 38 45.86;+53 30 11.9; 6.35
160.8797917;+24.9222222;NGC 3344                    ; 9.820;10 43 31.15;+24 55 20.0; 6.05
161.3433750;+55.9603889;NGC 3353                    ;20.400;10 45 22.41;+55 57 37.4;
161.6535000;+63.2236389;NGC 3359                    ;23.000;10 46 36.84;+63 13 25.1; 5.41
161.6457083;+13.7507500;NGC 3367                    ;43.600;10 46 34.97;+13 45 02.7; 5.64
161.9266667;+13.9856389;NGC 3377                    ;11.500;10 47 42.40;+13 59 08.3; 7.48
162.0703750;+12.6292778;NGC 3384                    ;11.900;10 48 16.89;+12 37 45.4; 7.64
162.7221250;+13.4121389;NGC 3412                    ;11.500;10 50 53.31;+13 24 43.7; 6.76
162.8362917;+32.7663611;NGC 3413                    ;16.200;10 51 20.71;+32 45 58.9;
162.8176667;+27.9749722;NGC 3414                    ;25.700;10 51 16.24;+27 58 29.9; 8.69
162.8097500; +5.8401111;NGC 3423                    ;11.700;10 51 14.34;+05 50 24.4; 5.38
163.1297083;+36.6187778;NGC 3432                    ;16.800;10 52 31.13;+36 37 07.6; 4.50
163.6477917;+56.9906944;NGC 3445                    ;16.700;10 54 35.47;+56 59 26.5;
163.7025833;+17.6211667;NGC 3457                    ;20.500;10 54 48.62;+17 37 16.2; 5.96
164.0060417;+57.1169722;NGC 3458                    ;29.500;10 56 01.45;+57 07 01.1;
165.0997917;+28.9748056;NGC 3486                    ;13.700;11 00 23.95;+28 58 29.3; 5.77
165.0774583;+13.9012500;NGC 3489                    ;12.300;11 00 18.59;+13 54 04.5; 7.00
165.3173750; +3.6280278;NGC 3495                    ;27.400;11 01 16.17;+03 37 40.9; 5.61
165.8558333;+18.1353333;NGC 3507                    ;11.800;11 03 25.40;+18 08 07.2; 6.39
181.9861667;+65.1139722;NGC 4121                    ;25.500;12 07 56.68;+65 06 50.3; 6.34
166.4524583; -0.0358889;NGC 3521                    ;16.400;11 05 48.59;-00 02 09.2; 7.35
166.6685417;+20.0856111;NGC 3522                    ;25.200;11 06 40.45;+20 05 08.2; 6.44
167.6516250;-37.5476111;NGC 3564                    ;34.500;11 10 36.39;-37 32 51.4; 8.12
168.3212917;-26.7550000;NGC 3585                    ;20.400;11 13 17.11;-26 45 18.0; 8.37
168.6541667;+12.8180278;NGC 3593                    ; 9.875;11 14 37.00;+12 49 04.9; 5.37
168.8622917;+18.1103611;NGC 3599                    ;20.500;11 15 26.95;+18 06 37.3; 5.85
168.9665833;+41.5913889;NGC 3600                    ;24.100;11 15 51.98;+41 35 29.0; 5.17
169.1942500;+18.0171389;NGC 3605                    ;21.100;11 16 46.62;+18 01 01.7; 6.57
169.2277500;+18.0518056;NGC 3607                    ;22.800;11 16 54.66;+18 03 06.5; 8.65
169.2457083;+18.1485278;NGC 3608                    ;22.900;11 16 58.97;+18 08 54.7; 8.22
169.6053333;+58.7862500;NGC 3610                    ;39.300;11 18 25.28;+58 47 10.5; 7.82
169.5687500;-32.8140556;NGC 3621                    ;12.000;11 18 16.50;-32 48 50.6;
170.0709167;+13.5895000;NGC 3628                    ;13.800;11 20 17.02;+13 35 22.2; 6.16
170.2622500;+53.1694167;NGC 3631                    ;17.500;11 21 02.94;+53 10 09.9; 4.89
170.2785417; +3.2347500;NGC 3640                    ;27.000;11 21 06.85;+03 14 05.1; 8.09
170.2866250; +3.1945000;NGC 3641                    ;27.000;11 21 08.79;+03 11 40.2; 7.85
170.9107917;+53.8420556;NGC 3656                    ;42.600;11 23 38.59;+53 50 31.4; 8.07
171.1817917;+38.7627778;NGC 3665                    ;29.400;11 24 43.63;+38 45 46.0; 8.69
171.5357500;+43.5859167;NGC 3675                    ;20.200;11 26 08.58;+43 35 09.3; 6.92
171.8828750;+56.8767222;NGC 3683                    ;43.100;11 27 31.89;+56 52 36.2;
173.1455833;+53.0678333;NGC 3718                    ;17.000;11 32 34.94;+53 04 04.2; 7.78
173.4555000;+53.1255000;NGC 3729                    ;21.300;11 33 49.32;+53 07 31.8; 6.13
175.2225833;+56.2020278;NGC 3794                    ;21.950;11 40 53.42;+56 12 07.3;
176.5324167;+47.4945000;NGC 3877                    ;17.800;11 46 07.78;+47 29 40.2; 6.41
176.7690000;-16.8546389;NGC 3887                    ;18.200;11 47 04.56;-16 51 16.7;
177.2098333;+59.4155833;NGC 3894                    ;45.600;11 48 50.36;+59 24 56.1; 8.94
177.3140417;+56.0843611;NGC 3898                    ;21.900;11 49 15.37;+56 05 03.7; 8.38
177.6622083;+55.3538611;NGC 3913                    ;17.000;11 50 38.93;+55 21 13.9;
177.8061250;+50.1567500;NGC 3922                    ;17.000;11 51 13.47;+50 09 24.3; 6.41
177.7574167;-28.8062222;NGC 3923                    ;24.000;11 51 01.78;-28 48 22.4; 8.87
177.9486667;+48.6831389;NGC 3928                    ;16.900;11 51 47.68;+48 40 59.3; 7.02
178.2060417;+44.1207222;NGC 3938                    ;17.000;11 52 49.45;+44 07 14.6; 3.96
178.3072083;+60.6755556;NGC 3945                    ;38.500;11 53 13.73;+60 40 32.0; 8.21
178.5064167;-19.5687222;NGC 3957                    ;22.500;11 54 01.54;-19 34 07.4;
178.9380000;+55.3206667;NGC 3972                    ;25.200;11 55 45.12;+55 19 14.4;
179.1173750;+55.1253611;NGC 3982                    ;23.700;11 56 28.17;+55 07 31.3; 6.03
179.1754583;+48.3339444;NGC 3985                    ;17.400;11 56 42.11;+48 20 02.2;
179.4840417;+55.4535556;NGC 3998                    ;14.200;11 57 56.17;+55 27 12.8; 9.26
179.6309167;+43.9470278;NGC 4013                    ;24.100;11 58 31.42;+43 56 49.3; 6.42
179.7372083;+30.4136389;NGC 4020                    ;12.150;11 58 56.93;+30 24 49.1;
179.8549583;+50.9616944;NGC 4026                    ;14.700;11 59 25.19;+50 57 42.1; 8.04
180.0985000; -1.0999722;NGC 4030                    ;29.900;12 00 23.64;-01 05 59.9;
180.3620417;+61.8956944;NGC 4036                    ;34.200;12 01 26.89;+61 53 44.5; 8.47
180.3487083;+13.4011389;NGC 4037                    ;17.200;12 01 23.69;+13 24 04.1;
180.4708333;-18.8675833;NGC 4038                    ;21.500;12 01 53.00;-18 52 03.3;
180.4729583;-18.8861944;NGC 4039                    ;21.500;12 01 53.51;-18 53 10.3;
180.7903750;+44.5312500;NGC 4051                    ;19.400;12 03 09.69;+44 31 52.5; 6.48
181.0159583;+31.8958056;NGC 4062                    ;23.900;12 04 03.83;+31 53 44.9; 6.59
181.1127500; +1.8960000;NGC 4073                    ;45.100;12 04 27.06;+01 53 45.6;
181.2158333;+26.9926111;NGC 4080                    ;16.300;12 04 51.80;+26 59 33.4;
181.3924583;+50.5390278;NGC 4088                    ;18.800;12 05 34.19;+50 32 20.5; 6.15
181.5048333;+47.4783611;NGC 4096                    ;16.500;12 06 01.16;+47 28 42.1; 6.23
181.5963333;+52.7109444;NGC 4102                    ;29.100;12 06 23.12;+52 42 39.4; 8.00
182.0250833;+65.1741389;NGC 4125                    ;24.700;12 08 06.02;+65 10 26.9; 8.59
182.3237500;+29.9275833;NGC 4136                    ; 9.700;12 09 17.70;+29 55 39.3; 4.58
182.3741250;+43.6853056;NGC 4138                    ;16.000;12 09 29.79;+43 41 07.1; 7.17
182.4003750;+42.5342222;NGC 4143                    ;15.900;12 09 36.09;+42 32 03.2; 8.36
182.4941667;+46.4571667;NGC 4144                    ; 7.450;12 09 58.60;+46 27 25.8; 5.75
182.6402083;+30.4015278;NGC 4150                    ;14.400;12 10 33.65;+30 24 05.5; 6.43
182.6360833;+39.4057500;NGC 4151                    ;20.300;12 10 32.66;+39 24 20.7; 6.68
182.7682083;+50.4846667;NGC 4157                    ;22.400;12 11 04.37;+50 29 04.8; 6.51
183.0717917;+13.2053611;NGC 4168                    ;32.200;12 12 17.23;+13 12 19.3; 8.12
183.1935417;+10.8659722;NGC 4178                    ;20.800;12 12 46.45;+10 51 57.5; 3.68
183.2627083; +7.0389444;NGC 4180                    ;34.000;12 13 03.05;+07 02 20.2;
183.3202500;+43.6982778;NGC 4183                    ;24.600;12 13 16.86;+43 41 53.8; 4.33
183.5398750;+54.5266667;NGC 4194                    ;39.100;12 14 09.57;+54 31 36.0; 6.83
183.7709167;+33.1972500;NGC 4203                    ;15.300;12 15 05.02;+33 11 50.1; 7.90
183.8098333;+20.6590833;NGC 4204                    ; 7.900;12 15 14.36;+20 39 32.7;
183.8768333; +9.5849444;NGC 4207                    ;12.800;12 15 30.44;+09 35 05.8;
183.9132083;+36.3268889;NGC 4214                    ; 3.040;12 15 39.17;+36 19 36.8; 5.25
183.9768333;+13.1493889;NGC 4216                    ;19.600;12 15 54.44;+13 08 57.8; 8.28
183.9620833;+47.0917778;NGC 4217                    ;21.900;12 15 50.90;+47 05 30.4; 6.54
184.2820417; +7.6244444;NGC 4233                    ;35.500;12 17 07.69;+07 37 28.0; 8.51
184.1755000;+69.4625833;NGC 4236                    ; 4.920;12 16 42.12;+69 27 45.3; 5.69
184.3735833;+37.8071111;NGC 4244                    ; 4.620;12 17 29.66;+37 48 25.6; 4.49
184.4032500;+29.6080000;NGC 4245                    ; 9.700;12 17 36.78;+29 36 28.8; 6.32
184.5346250;+28.1753056;NGC 4251                    ;19.600;12 18 08.31;+28 10 31.1; 7.15
184.8467500; +5.8252222;NGC 4261                    ;32.400;12 19 23.22;+05 49 30.8; 9.29
184.8774167;+14.8777222;NGC 4262                    ;16.600;12 19 30.58;+14 52 39.8; 8.52
184.9386667;+12.7983611;NGC 4267                    ;16.300;12 19 45.28;+12 47 54.1; 7.87
184.9611250;+29.6146944;NGC 4274                    ;21.400;12 19 50.67;+29 36 52.9; 6.67
185.0283333;+29.2806111;NGC 4278                    ;16.500;12 20 06.80;+29 16 50.2; 8.91
185.0866250;+29.3108889;NGC 4283                    ;16.100;12 20 20.79;+29 18 39.2; 7.04
185.0737500;+75.3709722;NGC 4291                    ;27.700;12 20 17.70;+75 22 15.5; 9.11
185.3187083; +4.5956667;NGC 4292                    ; 9.460;12 21 16.49;+04 35 44.4; 5.51
185.4189583;+11.4999167;NGC 4299                    ;16.800;12 21 40.55;+11 29 59.7;
185.4869583;+30.0741944;NGC 4308                    ; 9.700;12 21 56.87;+30 04 27.1; 5.94
185.5614167; +7.1671389;NGC 4309A                   ;22.800;12 22 14.74;+07 10 01.7;
185.6095000;+29.2086667;NGC 4310                    ; 9.700;12 22 26.28;+29 12 31.2;
185.6306667;+15.5379167;NGC 4312                    ;10.700;12 22 31.36;+15 32 16.5; 6.12
185.6332500;+29.8953056;NGC 4314                    ; 9.700;12 22 31.98;+29 53 43.1; 7.10
185.6803750; +8.1982778;NGC 4318                    ;22.100;12 22 43.29;+08 11 53.8; 6.63
185.8334583;+15.8203889;NGC 4328                    ;16.700;12 23 20.03;+15 49 13.4; 4.34
185.8955833; +6.0817222;NGC 4339                    ;16.800;12 23 34.94;+06 04 54.2; 7.02
185.8971250;+16.7221944;NGC 4340                    ;14.700;12 23 35.31;+16 43 19.9; 7.09
185.9125833; +7.0539444;NGC 4342                    ;16.800;12 23 39.02;+07 03 14.2; 8.83
185.9112083; +6.9539444;NGC 4343                    ;28.600;12 23 38.69;+06 57 14.2;
185.9908750;+16.6933611;NGC 4350                    ;20.300;12 23 57.81;+16 41 36.1; 8.08
186.0209167;+11.2180278;NGC 4352                    ;18.700;12 24 05.02;+11 13 04.9; 5.93
186.7276250; -0.8776389;NGC 4355                    ;32.500;12 26 54.63;-00 52 39.5;
186.1176250; +7.3175278;NGC 4365                    ;24.400;12 24 28.23;+07 19 03.1; 8.87
186.2309583;+11.7042222;NGC 4371                    ;17.000;12 24 55.43;+11 42 15.2; 7.42
186.3012917;+14.7622222;NGC 4377                    ;17.800;12 25 12.31;+14 45 44.0; 7.57
186.3113750;+15.6075000;NGC 4379                    ;15.900;12 25 14.73;+15 36 27.0; 6.93
186.4238333;+12.8103611;NGC 4387                    ;21.400;12 25 41.72;+12 48 37.3; 6.85
186.4450833;+12.6620833;NGC 4388                    ;38.700;12 25 46.82;+12 39 43.5; 6.55
186.4634583;+27.5615556;NGC 4393                    ;11.500;12 25 51.23;+27 33 41.6;
186.4817500;+18.2139167;NGC 4394                    ;16.800;12 25 55.62;+18 12 50.1; 7.07
186.4538333;+33.5467500;NGC 4395                    ; 4.300;12 25 48.92;+33 32 48.3; 4.03
186.5315417;+13.1128056;NGC 4402                    ;13.350;12 26 07.57;+13 06 46.1;
186.6254167; +8.8722222;NGC 4411                    ;16.800;12 26 30.10;+08 52 20.0;
186.6967500; +8.8845556;NGC 4411b                   ;16.800;12 26 47.22;+08 53 04.4;
186.6128750;+31.2235556;NGC 4414                    ;21.400;12 26 27.09;+31 13 24.8; 7.10
186.7108750; +9.5842500;NGC 4417                    ;16.000;12 26 50.61;+09 35 03.3; 7.36
186.7351250;+15.0474167;NGC 4419                    ;13.500;12 26 56.43;+15 02 50.7; 6.73
186.9028333; +8.1543056;NGC 4434                    ;26.800;12 27 36.68;+08 09 15.5; 7.16
186.9187500;+13.0790278;NGC 4435                    ;16.700;12 27 40.50;+13 04 44.5; 7.76
186.9402083;+13.0085833;NGC 4438                    ;17.400;12 27 45.65;+13 00 30.9; 7.43
187.0162083; +9.8036111;NGC 4442                    ;15.400;12 28 03.89;+09 48 13.0; 8.16
187.0642917;+28.6203056;NGC 4448                    ;24.500;12 28 15.43;+28 37 13.1; 7.15
187.0463333;+44.0935556;NGC 4449                    ; 4.310;12 28 11.12;+44 05 36.8; 2.85
187.1234583;+17.0849444;NGC 4450                    ;23.800;12 28 29.63;+17 05 05.8; 7.42
187.1804583;+11.7550278;NGC 4452                    ;16.800;12 28 43.31;+11 45 18.1; 8.98
187.2458750; +3.5706111;NGC 4457                    ;10.700;12 28 59.01;+03 34 14.2; 7.14
187.2397083;+13.2419167;NGC 4458                    ;22.700;12 28 57.53;+13 14 30.9; 6.80
187.2501250;+13.9785833;NGC 4459                    ;16.100;12 29 00.03;+13 58 42.9; 7.94
187.2625417;+13.1838611;NGC 4461                    ;19.800;12 29 03.01;+13 11 01.9; 7.67
187.3387917; +8.1565556;NGC 4464                    ;15.800;12 29 21.31;+08 09 23.6; 7.28
187.3761250; +7.9929444;NGC 4467                    ;16.400;12 29 30.27;+07 59 34.6; 5.86
187.4075000; +7.8240556;NGC 4470                    ;12.250;12 29 37.80;+07 49 26.6; 6.50
187.4536667;+13.4293333;NGC 4473                    ;16.700;12 29 48.88;+13 25 45.6; 8.06
187.4730833;+14.0686667;NGC 4474                    ;15.600;12 29 53.54;+14 04 07.2; 6.45
187.4961667;+12.3486667;NGC 4476                    ;20.900;12 29 59.08;+12 20 55.2; 5.58
187.5090417;+13.6364444;NGC 4477                    ;19.800;12 30 02.17;+13 38 11.2; 8.03
187.5726667;+12.3285833;NGC 4478                    ;18.800;12 30 17.44;+12 19 42.9; 7.46
187.5764167;+13.5774722;NGC 4479                    ;18.000;12 30 18.34;+13 34 38.9; 6.33
187.5430833;+10.7794722;NGC 4482                    ;22.300;12 30 10.34;+10 46 46.1; 4.69
187.6692500; +9.0156667;NGC 4483                    ;16.700;12 30 40.62;+09 00 56.4;
187.6296250;+41.7011667;NGC 4485                    ; 8.910;12 30 31.11;+41 42 04.2; 5.28
187.7405417;+12.2703611;NGC 4486A                   ;18.400;12 30 57.73;+12 16 13.3; 7.43
187.6332500;+12.4902222;NGC 4486B                   ;16.900;12 30 31.98;+12 29 24.8; 7.93
187.7176667;+16.7586944;NGC 4489                    ;18.300;12 30 52.24;+16 45 31.3; 5.32
187.6515417;+41.6436389;NGC 4490                    ;10.100;12 30 36.37;+41 38 37.1; 4.95
187.7489583; +8.0779167;NGC 4492                    ;16.800;12 30 59.75;+08 04 40.5;
187.8501250;+25.7749722;NGC 4494                    ;17.500;12 31 24.03;+25 46 29.9; 7.58
188.0257917;+11.1764444;NGC 4503                    ;11.700;12 32 06.19;+11 10 35.2; 7.61
188.2770833;+32.0909444;NGC 4509                    ;10.100;12 33 06.50;+32 05 27.4;
188.2705833;+16.2655000;NGC 4515                    ;16.700;12 33 04.94;+16 15 55.8; 6.40
188.1899583; +0.1150278;NGC 4517                    ; 8.580;12 32 45.59;+00 06 54.1; 4.88
188.4500000;+15.1683056;NGC 4523                    ;16.800;12 33 48.00;+15 10 05.9;
188.5126250; +7.6991389;NGC 4526                    ;17.300;12 34 03.03;+07 41 56.9; 8.45
188.5354167; +2.6538056;NGC 4527                    ;11.300;12 34 08.50;+02 39 13.7; 7.43
188.5252500;+11.3212778;NGC 4528                    ;15.800;12 34 06.06;+11 19 16.6; 7.10
188.8775417;+12.2209444;NGC 4550                    ;15.800;12 35 30.61;+12 13 15.4; 6.53
188.9082500;+12.2640000;NGC 4551                    ;17.600;12 35 37.98;+12 15 50.4; 6.89
188.9903750;+27.9597500;NGC 4559                    ;13.400;12 35 57.69;+27 57 35.1; 5.14
189.0339167;+19.3225833;NGC 4561                    ;12.300;12 36 08.14;+19 19 21.3;
189.1124583;+11.4393333;NGC 4564                    ;22.900;12 36 26.99;+11 26 21.6; 7.77
189.0866667;+25.9873889;NGC 4565                    ;17.900;12 36 20.80;+25 59 14.6; 7.44
189.2225000; +7.2466667;NGC 4570                    ;17.100;12 36 53.40;+07 14 48.0; 8.28
189.2348750;+14.2173611;NGC 4571                    ;15.100;12 36 56.37;+14 13 02.5;
189.3772917; +9.5551111;NGC 4578                    ;19.100;12 37 30.55;+09 33 18.4; 7.01
189.3542917;+74.1918889;NGC 4589                    ;22.400;12 37 25.03;+74 11 30.8; 8.57
189.8282500; -0.5318333;NGC 4592                    ;14.800;12 39 18.78;-00 31 54.6;
189.9830833;+10.1760278;NGC 4596                    ;19.100;12 39 55.94;+10 10 33.7; 7.64
190.3865000; +7.3147778;NGC 4612                    ;16.600;12 41 32.76;+07 18 53.2; 5.71
190.3868333;+41.1507500;NGC 4618                    ; 7.910;12 41 32.84;+41 09 02.7; 5.38
190.5445833; +7.6769444;NGC 4623                    ;17.400;12 42 10.70;+07 40 37.0; 6.39
190.4695833;+41.2737222;NGC 4625                    ; 8.200;12 41 52.70;+41 16 25.4;
190.4986667;+32.5735556;NGC 4627                    ; 9.290;12 41 59.68;+32 34 24.8; 4.91
190.5333750;+32.5415000;NGC 4631                    ; 7.620;12 42 08.01;+32 32 29.4; 6.00
190.7077917; +2.6877778;NGC 4636                    ;17.400;12 42 49.87;+02 41 16.0; 8.34
190.6975833;+11.4425000;NGC 4638                    ;21.700;12 42 47.42;+11 26 33.0; 7.19
190.7181250;+13.2575278;NGC 4639                    ;29.000;12 42 52.35;+13 15 27.1; 6.65
190.8852083;+11.5826111;NGC 4647                    ;24.500;12 43 32.45;+11 34 57.4; 2.81
190.4350417;+74.4208889;NGC 4648                    ;44.700;12 41 44.41;+74 25 15.2; 8.57
190.9860000;+13.1263611;NGC 4654                    ;25.100;12 43 56.64;+13 07 34.9; 5.07
191.1332083;+11.1905278;NGC 4660                    ;18.200;12 44 31.97;+11 11 25.9; 8.18
191.2748333; +3.0556944;NGC 4665                    ;17.900;12 45 05.96;+03 03 20.5; 7.56
191.2861667; -0.4619167;NGC 4666                    ;19.300;12 45 08.68;-00 27 42.9;
191.3214583;+27.1255000;NGC 4670                    ;11.000;12 45 17.15;+27 07 31.8;
191.9435833; +4.3360833;NGC 4688                    ;17.100;12 47 46.46;+04 20 09.9; 6.03
191.9396667;+13.7626944;NGC 4689                    ;24.500;12 47 45.52;+13 45 45.7; 4.75
192.0569583; -3.3329167;NGC 4691                    ;22.500;12 48 13.67;-03 19 58.5;
192.2053333;-41.3110833;NGC 4696                    ;42.500;12 48 49.28;-41 18 39.9; 8.85
192.1496250; -5.8008611;NGC 4697                    ;12.500;12 48 35.91;-05 48 03.1; 7.95
192.0955833; +8.4872500;NGC 4698                    ;32.600;12 48 22.94;+08 29 14.1; 7.64
192.2981667; +3.3887222;NGC 4701                    ;17.100;12 49 11.56;+03 23 19.4;
192.5164583;-41.3820833;NGC 4709                    ;40.600;12 50 03.95;-41 22 55.5; 8.80
192.4123333;+15.1655000;NGC 4710                    ;16.800;12 49 38.96;+15 09 55.8; 6.95
192.4912083; +5.3114167;NGC 4713                    ;18.700;12 49 57.89;+05 18 41.1; 3.45
192.6108750;+25.5007500;NGC 4725                    ;13.600;12 50 26.61;+25 30 02.7; 7.50
192.7782500;+10.9121111;NGC 4733                    ;14.900;12 51 06.78;+10 54 43.6; 5.66
192.9501667;-10.4548056;NGC 4742                    ;15.800;12 51 48.04;-10 27 17.3; 6.93
193.2116667;-42.6599722;NGC 4751                    ;35.000;12 52 50.80;-42 39 35.9; 9.57
193.0731667;+11.3136667;NGC 4754                    ;16.800;12 52 17.56;+11 18 49.2; 8.13
193.2335417;+11.2308056;NGC 4762                    ;10.800;12 52 56.05;+11 13 50.9; 7.69
193.3715417; +2.1683333;NGC 4772                    ;40.900;12 53 29.17;+02 10 06.0; 7.63
193.5218750;+27.1496389;NGC 4789A                   ; 4.040;12 54 05.25;+27 08 58.7;
194.7597500;+34.8594444;NGC 4861                    ; 9.950;12 59 02.34;+34 51 34.0;
195.1629583; +2.5014444;NGC 4900                    ;17.300;13 00 39.11;+02 30 05.2; 5.54
195.3676250; -4.5463889;NGC 4915                    ;29.400;13 01 28.23;-04 32 47.0;
196.0599583;-10.3396111;NGC 4939                    ;44.400;13 04 14.39;-10 20 22.6; 7.73
196.0547500; -5.5516111;NGC 4941                    ;22.000;13 04 13.14;-05 33 05.8; 6.83
196.3636667;-49.4678889;NGC 4945                    ; 3.800;13 05 27.28;-49 28 04.4; 7.30
197.7346250;+37.0589444;NGC 5005                    ;34.600;13 10 56.31;+37 03 32.2; 7.97
198.2541667;-19.5183056;NGC 5018                    ;41.800;13 13 01.00;-19 31 05.9; 8.42
198.0491667;+44.0380278;NGC 5023                    ; 6.690;13 12 11.80;+44 02 16.9;
198.3647500;+36.5936389;NGC 5033                    ;19.600;13 13 27.54;+36 35 37.1; 7.68
198.8498750;-16.3855556;NGC 5044                    ;33.100;13 15 23.97;-16 23 08.0; 8.74
199.2437083;-16.6348611;NGC 5054                    ;27.300;13 16 58.49;-16 38 05.5;
199.7283750;-21.0391111;NGC 5068                    ; 6.700;13 18 54.81;-21 02 20.8;
199.9085417;-12.6989722;NGC 5079                    ;31.200;13 19 38.05;-12 41 56.3;
200.0705000;-21.8275833;NGC 5084                    ;16.700;13 20 16.92;-21 49 39.3; 8.34
200.1040000;-20.6110278;NGC 5087                    ;24.800;13 20 24.96;-20 36 39.7; 9.09
200.4902500;-36.6302222;NGC 5102                    ; 4.110;13 21 57.66;-36 37 48.8;
201.3650833;-43.0191111;NGC 5128                    ; 4.350;13 25 27.62;-43 01 08.8; 7.15
201.9763750;-29.6180278;NGC 5153                    ;47.300;13 27 54.33;-29 37 04.9;
202.4534583;-17.9665000;NGC 5170                    ;42.900;13 29 48.83;-17 57 59.4; 6.51
202.5475417;+46.6708333;NGC 5198                    ;50.000;13 30 11.41;+46 40 15.0; 8.27
202.4021250;+58.4187222;NGC 5204                    ; 4.760;13 29 36.51;+58 25 07.4; 4.67
203.5117917;+47.9154722;NGC 5229                    ;11.700;13 34 02.83;+47 54 55.7;
203.9800833;+35.5882778;NGC 5240                    ;42.650;13 35 55.22;+35 35 17.8;
204.5126667;-17.8840278;NGC 5247                    ;22.200;13 38 03.04;-17 53 02.5;
204.3836250; +8.8850556;NGC 5248                    ;11.300;13 37 32.07;+08 53 06.2; 6.73
204.9832917;-31.6400278;NGC 5253                    ; 4.150;13 39 55.99;-31 38 24.1;
205.5349583;+35.6542500;NGC 5273                    ;16.600;13 42 08.39;+35 39 15.3; 5.97
207.1520417;-30.4285556;NGC 5298                    ;41.300;13 48 36.49;-30 25 42.8;
207.3133333;+60.1904167;NGC 5322                    ;33.100;13 49 15.20;+60 11 25.5; 8.65
208.3243750;+33.4907500;NGC 5347                    ;35.500;13 53 17.85;+33 29 26.7; 6.60
208.3399167;+40.3639444;NGC 5350                    ;37.800;13 53 21.58;+40 21 50.2;
208.3614167;+40.2831111;NGC 5353                    ;30.200;13 53 26.74;+40 16 59.2; 9.12
208.3612500;+40.3027500;NGC 5354                    ;35.300;13 53 26.70;+40 18 09.9; 8.50
208.4398333;+40.3388056;NGC 5355                    ;35.700;13 53 45.56;+40 20 19.7; 6.22
208.9167500;+40.4617778;NGC 5371                    ;37.800;13 55 40.02;+40 27 42.4; 8.07
209.2707500;+41.8460000;NGC 5383                    ;39.600;13 57 04.98;+41 50 45.6; 6.66
210.8371250;-41.3776944;NGC 5408                    ; 5.320;14 03 20.91;-41 22 39.7;
210.8535417; -6.0691111;NGC 5426                    ;41.500;14 03 24.85;-06 04 08.8;
210.8585417; -6.0308056;NGC 5427                    ;38.100;14 03 26.05;-06 01 50.9; 6.06
211.2567083;+53.6622222;NGC 5474                    ; 6.980;14 05 01.61;+53 39 44.0; 3.95
212.6042917;-43.3246111;NGC 5483                    ;24.700;14 10 25.03;-43 19 28.6;
213.3120833; -3.2075556;NGC 5506                    ;29.000;14 13 14.90;-03 12 27.2; 8.08
213.3328333; -3.1488611;NGC 5507                    ;34.300;14 13 19.88;-03 08 55.9; 8.10
215.2332083; +3.2380000;NGC 5574                    ;24.300;14 20 55.97;+03 14 16.8; 6.29
215.2653750; +3.2710556;NGC 5576                    ;25.700;14 21 03.69;+03 16 15.8; 8.10
215.1797083;+39.6935833;NGC 5582                    ;30.500;14 20 43.13;+39 41 36.9; 7.47
215.5992083; -0.3874444;NGC 5584                    ;22.500;14 22 23.81;-00 23 14.8;
214.9508333;+56.7290556;NGC 5585                    ;10.500;14 19 48.20;+56 43 44.6; 4.79
217.4182917; +3.2334444;NGC 5638                    ;26.900;14 29 40.39;+03 14 00.4; 7.88
218.1699167;-44.1746111;NGC 5643                    ;16.900;14 32 40.78;-44 10 28.6; 6.58
218.0232500;+57.9214444;NGC 5678                    ;36.100;14 32 05.58;+57 55 17.2; 7.39
219.4722500; -0.3988611;NGC 5691                    ;30.200;14 37 53.34;-00 23 55.9;
220.5997083;-17.2531667;NGC 5728                    ;39.000;14 42 23.93;-17 15 11.4; 8.42
221.2333333; +1.9547500;NGC 5746                    ;34.700;14 44 56.00;+01 57 17.1; 8.31
223.4269167; +3.5825000;NGC 5774                    ;34.800;14 53 42.46;+03 34 57.0;
223.4902083; +3.5444722;NGC 5775                    ;27.000;14 53 57.65;+03 32 40.1; 6.75
225.2969167; +1.7019722;NGC 5813                    ;32.200;15 01 11.26;+01 42 07.1; 8.71
226.0292500; +1.2199167;NGC 5831                    ;27.500;15 04 07.02;+01 13 11.7; 7.87
226.3594583; +2.0993611;NGC 5838                    ;34.500;15 05 26.27;+02 05 57.7; 8.95
226.5032917; +1.6338333;NGC 5845                    ;29.700;15 06 00.79;+01 38 01.8; 8.70
226.6218750; +1.6056389;NGC 5846                    ;25.700;15 06 29.25;+01 36 20.3; 8.69
226.6216667; +1.5948611;NGC 5846A                   ;28.500;15 06 29.20;+01 35 41.5; 8.55
226.6231667;+55.7633056;NGC 5866                    ;15.300;15 06 29.56;+55 45 47.9; 7.93
228.9737083;+56.3288611;NGC 5907                    ;17.100;15 15 53.69;+56 19 43.9; 7.16
232.0027917;+64.7631944;NGC 5949                    ;19.600;15 28 00.67;+64 45 47.5;
233.6349167;+15.1937778;NGC 5953                    ;31.500;15 34 32.38;+15 11 37.6; 6.92
233.6459167;+15.2000556;NGC 5954                    ;32.100;15 34 35.02;+15 12 00.2; 5.71
234.4013333; +5.9734167;NGC 5964                    ;27.800;15 37 36.32;+05 58 24.3;
239.3143333; +5.9983889;NGC 6017                    ;30.300;15 57 15.44;+05 59 54.2; 7.03
241.1104583;+17.7419722;NGC 6040B                   ;37.000;16 04 26.51;+17 44 31.1;
245.4525833; -2.2834167;NGC 6118                    ;25.900;16 21 48.62;-02 17 00.3;
255.2097083;+23.0110278;NGC 6278                    ;43.600;17 00 50.33;+23 00 39.7; 8.15
259.2477917;-62.8205556;NGC 6300                    ;19.100;17 16 59.47;-62 49 14.0; 6.74
267.3604583;+70.1443333;NGC 6503                    ; 6.250;17 49 26.51;+70 08 39.6; 4.99
274.9433750;+74.5683611;NGC 6643                    ;25.500;18 19 46.41;+74 34 06.1; 6.64
278.7093750;+70.5239167;NGC 6689                    ;16.600;18 34 50.25;+70 31 26.1; 3.70
287.4420833;-63.8575278;NGC 6744                    ; 9.150;19 09 46.10;-63 51 27.1;
287.0682083;+50.9332222;NGC 6764                    ;38.700;19 08 16.37;+50 55 59.6;
296.2341667;-14.7975833;NGC 6822                    ; 0.832;19 44 56.20;-14 47 51.3;
301.8311667;-48.3702500;NGC 6861                    ;28.600;20 07 19.48;-48 22 12.9; 9.95
302.4753333;-48.3795000;NGC 6868                    ;29.200;20 09 54.08;-48 22 46.2; 8.86
308.5857083;-31.9808889;NGC 6925                    ;39.400;20 34 20.57;-31 58 51.2;
308.7180417;+60.1536667;NGC 6946                    ; 6.800;20 34 52.33;+60 09 13.2; 5.43
315.8900417;+29.8973611;NGC 7013                    ;14.200;21 03 33.61;+29 53 50.5; 6.35
319.7510417;-48.5620000;NGC 7049                    ;29.900;21 19 00.25;-48 33 43.2; 8.78
322.4984583; +2.4143889;NGC 7077                    ;17.200;21 29 59.63;+02 24 51.8; 4.78
324.1202500;-54.5573333;NGC 7090                    ; 8.720;21 36 28.86;-54 33 26.4;
325.3303750;-63.9087500;NGC 7096                    ;44.500;21 41 19.29;-63 54 31.5; 8.80
330.5079167;-31.8698889;NGC 7172                    ;33.900;22 02 01.90;-31 52 11.6; 8.40
330.5133333;-31.9736944;NGC 7173                    ;32.900;22 02 03.20;-31 58 25.3; 8.35
330.5352917;-31.9898056;NGC 7176                    ;21.500;22 02 08.47;-31 59 23.3; 8.85
331.4783750;-50.1192778;NGC 7196                    ;45.300;22 05 54.81;-50 07 09.4; 9.05
335.7729583;-28.9548333;NGC 7259                    ;20.100;22 23 05.51;-28 57 17.4;
338.9426250;-26.0502500;NGC 7314                    ;21.400;22 35 46.23;-26 03 00.9; 5.59
339.0140833;+33.9481111;NGC 7320                    ;19.100;22 36 03.38;+33 56 53.2;
339.2670833;+34.4159167;NGC 7331                    ;13.900;22 37 04.10;+34 24 57.3; 7.46
343.9405833;-42.6420556;NGC 7412                    ;21.100;22 55 45.74;-42 38 31.4;
344.3265417;-41.0705833;NGC 7424                    ;11.500;22 57 18.37;-41 04 14.1;
345.2497083;+30.1448889;NGC 7457                    ;14.200;23 00 59.93;+30 08 41.6; 5.92
345.4665833;+15.9818611;NGC 7463                    ;22.800;23 01 51.98;+15 58 54.7;
345.4737500;+15.9737500;NGC 7464                    ;26.100;23 01 53.70;+15 58 25.5;
345.5039583;+15.9648889;NGC 7465                    ;27.200;23 02 00.95;+15 57 53.6; 6.51
346.2361250;+12.3228889;NGC 7479                    ;36.800;23 04 56.67;+12 19 22.4; 7.73
348.0316667;-28.5396389;NGC 7507                    ;25.200;23 12 07.60;-28 32 22.7; 8.55
348.6437500; +4.4983333;NGC 7537                    ;46.700;23 14 34.50;+04 29 54.0; 6.20
348.6827500; +4.5338889;NGC 7541                    ;38.900;23 14 43.86;+04 32 02.0; 5.77
349.0448750;-42.5848333;NGC 7552                    ;14.800;23 16 10.77;-42 35 05.4; 6.83
349.5984167;-42.3705833;NGC 7582                    ;23.000;23 18 23.62;-42 22 14.1; 7.76
349.7285000;-42.2390556;NGC 7590                    ;31.100;23 18 54.84;-42 14 20.6; 6.72
349.8380833;-42.2568333;NGC 7599                    ;22.200;23 19 21.14;-42 15 24.6;
350.0372500; +8.1657222;NGC 7617                    ;44.700;23 20 08.94;+08 09 56.6; 7.48
350.5274167;+40.8454167;NGC 7640                    ; 8.450;23 22 06.58;+40 50 43.5; 5.09
350.9751250; +9.6674722;NGC 7648                    ;47.400;23 23 54.03;+09 40 02.9; 6.96
353.2605833;-51.6983611;NGC 7690                    ;26.900;23 33 02.54;-51 41 54.1;
354.0587500; +2.1550278;NGC 7714                    ;33.300;23 36 14.10;+02 09 18.1; 7.14
354.9744583;-12.2930000;NGC 7727                    ;30.100;23 39 53.87;-12 17 34.8; 8.26
355.9765417;+26.0755833;NGC 7741                    ;17.500;23 43 54.37;+26 04 32.1; 3.98
356.0880417; +9.9340556;NGC 7743                    ;20.700;23 44 21.13;+09 56 02.6; 6.49
359.4576250;-32.5910278;NGC 7793                    ; 3.580;23 57 49.83;-32 35 27.7;
359.7492083;-55.4583611;NGC 7796                    ;49.900;23 58 59.81;-55 27 30.1; 8.89
000.8122917;+16.1452222;NGC 7814                    ;13.700;00 03 14.95;+16 08 42.8; 7.97
214.2558750;+43.5015278;SBS 1415+437                ;13.600;14 17 01.41;+43 30 05.5;
213.7256250; -2.1396944;SDSS J1414-0208             ;23.000;14 14 54.15;-02 08 22.9;
337.6533333; -0.1102778;SDSS J2230-0006             ;24.900;22 30 36.80;-00 06 37.0;
180.3429583; +2.1856389;SHOC 357                    ;14.000;12 01 22.31;+02 11 08.3;
283.8312500;-30.5452778;Sagittarius Dwarf Spheroidal; 0.026;18 55 19.50;-30 32 43.0;
015.0390000;-33.7090278;Sculptor Dwarf Elliptical   ; 0.088;01 00 09.36;-33 42 32.5;
152.7533333; -4.6927778;Sextans A                   ; 2.290;10 11 00.80;-04 41 34.0;
013.1865833;-72.8286111;Small Magellanic Cloud      ; 0.079;00 52 44.78;-72 49 43.0;
150.9250000;+68.6933333;The Garland                 ; 3.820;10 03 42.00;+68 41 36.0;
029.0801667;+73.2827778;UGC 1378                    ;47.000;01 56 19.24;+73 16 58.0;
060.7010417; +1.9657222;UGC 2936                    ;42.100;04 02 48.25;+01 57 56.6;
110.8017917;+58.0647778;UGC 3816                    ;48.900;07 23 12.43;+58 03 53.2;
128.5300000;+66.1816667;UGC 4459                    ; 3.680;08 34 07.20;+66 10 54.0;
129.2625000;+69.7752778;UGC 4483                    ; 3.530;08 37 03.00;+69 46 31.0;
129.4228333;+51.6523889;UGC 4499                    ;10.500;08 37 41.48;+51 39 08.6;
149.1904167;+28.8263889;UGC 5340                    ;12.700;09 56 45.70;+28 49 35.0;
151.3775000;+70.3644444;UGC 5423                    ; 8.870;10 05 30.60;+70 21 52.0;
152.0387500;+51.8438889;UGC 5460                    ;19.900;10 08 09.30;+51 50 38.0;
158.1331667;+54.4009722;UGC 5720                    ;24.900;10 32 31.96;+54 24 03.5;
171.6685833;+53.7466667;UGC 6446                    ;18.000;11 26 40.46;+53 44 48.0;
171.9995833;+78.9941667;UGC 6456                    ; 4.800;11 27 59.90;+78 59 39.0;
177.5277083;+51.8547500;UGC 6802                    ;25.800;11 50 06.65;+51 51 17.1;
179.3224583;+49.2832500;UGC 6930                    ;20.800;11 57 17.39;+49 16 59.7;
185.2034167;+17.4870556;UGC 7399A                   ;17.200;12 20 48.82;+17 29 13.4;
185.5813750;+14.7605833;UGC 7436                    ;15.800;12 22 19.53;+14 45 38.1;
186.9784583; +8.0904167;UGC 7580                    ;16.000;12 27 54.83;+08 05 25.5;
187.5040417; +7.9293611;UGC 7636                    ; 5.200;12 30 00.97;+07 55 45.7;
188.8853750;+73.6748333;UGC 7767                    ;27.900;12 35 32.49;+73 40 29.4;
190.4665833; +9.4028889;UGC 7854                    ;15.700;12 41 51.98;+09 24 10.4;
193.6225000;+26.3050000;UGC 8030                    ;15.300;12 54 29.40;+26 18 18.0;
193.8028333; +0.1166667;UGC 8041                    ;14.900;12 55 12.68;+00 07 00.0;
196.6035417;+67.7069444;UGC 8201                    ; 4.790;13 06 24.85;+67 42 25.0;
213.9855000;+23.0552778;UGC 9128                    ; 7.050;14 15 56.52;+23 03 19.0;
216.3884583;+33.8481111;UGC 9243                    ;45.500;14 25 33.23;+33 50 53.2;
222.7354167;+35.5717500;UGC 9560                    ;23.100;14 50 56.50;+35 34 18.3;
222.8100417;+35.5422778;UGC 9562                    ;23.800;14 51 14.41;+35 32 32.2;
233.7937500;+16.5494444;UGC 9912                    ;19.700;15 35 10.50;+16 32 58.0;
295.7448333;+45.2981389;UGC 11466                   ;13.200;19 42 58.76;+45 17 53.3;
358.9245000;+31.8996944;UGC 12845                   ;42.700;23 55 41.88;+31 53 58.9;
088.9277083; +3.3922778;UGCA 116                    ;10.300;05 55 42.65;+03 23 32.2;
143.5084583;+55.2411389;UGCA 166                    ;19.000;09 34 02.03;+55 14 28.1;
158.8466667;-24.7541389;UGCA 212                    ; 7.010;10 35 23.20;-24 45 14.9;
186.5663333;+48.4935000;UGCA 281                    ; 5.900;12 26 15.92;+48 29 36.6;
189.6669167;+32.7668056;UGCA 292                    ; 3.770;12 38 40.06;+32 46 00.5;
205.4853333;+30.5193333;UGCA 372                    ;22.400;13 41 56.48;+30 31 09.6;
207.9728750;+64.3722778;UGCA 375                    ;28.400;13 51 53.49;+64 22 20.2;
354.4147917;+30.1294722;UGCA 441                    ;19.600;23 37 39.55;+30 07 46.1; 4.10
227.2853750;+67.2226111;UMi Dwarf                   ; 0.076;15 09 08.49;+67 13 21.4;
184.1404583;+13.0315833;VCC 200                     ;18.300;12 16 33.71;+13 01 53.7;
185.6714583; +7.9503056;VCC 571                     ;23.800;12 22 41.15;+07 57 01.1;
186.4050417;+13.1437222;VCC 815                     ;19.800;12 25 37.21;+13 08 37.4;
186.5235000;+12.5596389;VCC 871                     ;17.400;12 26 05.64;+12 33 34.7;
187.3957917; +8.0580000;VCC 1199                    ;16.300;12 29 34.99;+08 03 28.8;
187.7021667;+12.0450278;VCC 1313                    ;17.000;12 30 48.52;+12 02 42.1;
188.3944167;+11.2619444;VCC 1512                    ;18.100;12 33 34.66;+11 15 43.0;
188.9052083;+12.3820278;VCC 1627                    ;15.400;12 35 37.25;+12 22 55.3;
189.1032500;+10.3846667;VCC 1661                    ;15.800;12 36 24.78;+10 23 04.8;
189.5282917;+10.0823611;VCC 1743                    ;17.500;12 38 06.79;+10 04 56.5; 3.79
189.5287083;+10.1655556;VCC 1744                    ;17.000;12 38 06.89;+10 09 56.0;
190.0820000;+15.9352778;VCC 1833                    ;16.300;12 40 19.68;+15 56 07.0;
191.0501250;+12.9418333;VCC 1993                    ;16.400;12 44 12.03;+12 56 30.6;
187.5211250; +8.0733333;VIII Zw 189                 ;23.100;12 30 05.07;+08 04 24.0; 4.13


