_RAJ2000	_DEJ2000	Nobs	Name	RAJ2000	DEJ2000	z	F1500	Z	e_Z	r_Z	ne	e_ne	O32	e_O32	E(B-V)	e_E(B-V)	Dist	r50	MAper	E_MAper	e_MAper	MTot	E_MTot	e_MTot	SFRAper	E_SFRAper	e_SFRAper	SFRTot	E_SFRTot	e_SFRTot
deg	deg	 	 	"h:m:s"	"d:m:s"	 	10-17W/m2/nm	[-]	[-]	 	cm-3	cm-3	 	 	mag	mag	Mpc	arcsec	[Msun]	[Msun]	[Msun]	[Msun]	[Msun]	[Msun]	[Msun/yr]	[Msun/yr]	[Msun/yr]	[Msun/yr]	[Msun/yr]	[Msun/yr]
-----------	-----------	---	----------	-----------	------------	--------	-----	-----	-----	---------	---	---	----	----	------	------	---	-----	-----	-----	-----	-----	-----	-----	-----	-----	-----	-----	-----	-----
005.2542917	 +0.8800222	  5	J0021+0052	00 21 01.03	+00 52 48.08	 0.09839	 3.94	 8.17	 0.07	Te[O III]	120	 40	 2.0	 0.1	 0.131	 0.006	452	 0.78	 8.88	 0.23	 0.36	 9.09	 0.18	 0.38	 0.99	 0.21	 0.14	 1.07	 0.14	 0.11
009.2195000	-33.5547889	  4	J0036-3333	00 36 52.68	-33 33 17.24	 0.02060	16.60	 8.21	 0.17	Te[S III]	 10	 10	 1.1	 0.1	 0.298	 0.012	 89	 2.85	 8.77	 0.25	 0.30	 9.14	 0.26	 0.23	 0.10	 0.28	 0.27	 1.01	 0.19	 0.21
021.8979583	 -6.3266833	  4	J0127-0619	01 27 35.51	-06 19 36.06	 0.00540	 4.04	 7.68	 0.02	Te[O III]	400	 20	 1.1	 0.1	 0.476	 0.006	 23	 2.37	 7.38	 0.23	 0.30	 8.74	 0.18	 0.15	-1.06	 0.27	 0.33	-0.75	 0.15	 0.13
026.1723333	 +4.8903667	  4	J0144+0453	01 44 41.36	+04 53 25.32	 0.00520	 1.87	 7.76	 0.02	Te[O III]	 40	 40	 2.1	 0.1	 0.044	 0.030	 23	 2.85	 5.61	 0.32	 0.35	 7.65	 0.24	 0.29	-1.86	 0.11	 0.09	-0.81	 0.29	 0.46
054.4335833	 -5.0444972	  7	J0337-0502	03 37 44.06	-05 02 40.19	 0.01352	 7.99	 7.46	 0.04	Te[S III]	140	 40	 6.2	 0.2	 0.053	 0.006	 58	 1.43	 6.89	 0.29	 0.34	 7.06	 0.24	 0.21	-0.57	 0.15	 0.13	-0.32	 0.07	 0.11
061.3352500	-36.8164278	  4	J0405-3648	04 05 20.46	-36 48 59.14	 0.00280	 0.96	 7.04	 0.05	Te[S III]	 10	 10	 0.6	 0.1	 0.106	 0.005	 11	 3.56	 5.34	 0.27	 0.33	 6.61	 0.28	 0.28	-2.96	 0.28	 0.22	-1.81	 0.31	 0.27
122.1845000	+39.8145861	  5	J0808+3948	08 08 44.28	+39 48 52.51	 0.09123	 3.42	 8.77	 0.12	Te[N II] 	910	160	 0.8	 0.1	 0.241	 0.070	417	 1.11	 8.85	 0.32	 0.23	 9.12	 0.30	 0.17	 0.94	 0.20	 0.22	 1.26	 0.18	 0.25
125.9790000	+28.1060000	  4	J0823+2806	08 23 54.96	+28 06 21.60	 0.04722	 3.85	 8.28	 0.01	Te[O III]	140	 10	 2.0	 0.1	 0.209	 0.004	209	 2.12	 8.47	 0.28	 0.27	 9.38	 0.33	 0.19	 0.57	 0.26	 0.23	 1.48	 0.15	 0.32
141.5018333	+44.4601500	  6	J0926+4427	09 26 00.44	+44 27 36.54	 0.18067	 1.14	 8.08	 0.02	Te[O III]	130	 30	 3.1	 0.1	 0.104	 0.008	875	 0.89	 8.75	 0.31	 0.28	 8.76	 0.30	 0.26	 0.97	 0.18	 0.15	 1.03	 0.13	 0.13
143.5084167	+55.2411389	 12	J0934+5514	09 34 02.02	+55 14 28.10	 0.00250	15.10	 6.98	 0.01	Te[O III]	120	 40	 8.7	 0.1	 0.073	 0.007	 12	 2.61	 5.48	 0.37	 0.39	 6.27	 0.15	 0.20	-2.09	 0.11	 0.08	-1.52	 0.09	 0.07
144.5562083	+54.4736361	  5	J0938+5428	09 38 13.49	+54 28 25.09	 0.10210	 3.56	 8.25	 0.02	Te[O III]	 80	 10	 1.9	 0.1	 0.129	 0.006	470	 1.10	 8.98	 0.23	 0.46	 9.15	 0.18	 0.29	 1.07	 0.25	 0.26	 1.05	 0.20	 0.17
145.0536250	+29.5917250	  4	J0940+2935	09 40 12.87	+29 35 30.21	 0.00168	 1.45	 7.66	 0.07	Te[O III]	 10	 10	 0.7	 0.1	 0.060	 0.010	  8	 5.15	 5.05	 0.36	 0.21	 6.71	 0.23	 0.40	-3.05	 0.19	 0.12	-2.01	 0.42	 0.37
145.7199167	+35.7905500	  4	J0942+3547	09 42 52.78	+35 47 25.98	 0.01486	 3.80	 8.13	 0.03	Te[O III]	 20	 10	 2.6	 0.1	 0.055	 0.011	 65	 1.33	 6.75	 0.43	 0.40	 7.56	 0.21	 0.29	-0.90	 0.14	 0.11	-0.76	 0.19	 0.12
146.0077917	 -0.6422722	  8	J0944-0038	09 44 01.87	-00 38 32.18	 0.00478	 1.40	 7.83	 0.01	Te[O III]	100	 20	 2.9	 0.1	 0.160	 0.010	 21	 0.98	 5.58	 0.38	 0.21	 6.83	 0.44	 0.25	-1.49	 0.21	 0.15	-0.78	 0.19	 0.16
146.1077917	+34.7023583	  4	J0944+3442	09 44 25.87	+34 42 08.49	 0.02005	 0.69	 7.62	 0.11	Te[O III]	 70	 60	 1.4	 0.1	 0.162	 0.013	 87	 2.46	 7.62	 0.31	 0.28	 8.19	 0.40	 0.23	-0.83	 0.27	 0.43	-0.01	 0.28	 0.65
154.1020000	+37.9128000	  5	J1016+3754	10 16 24.48	+37 54 46.08	 0.00388	 7.07	 7.56	 0.01	Te[O III]	 40	 20	 4.6	 0.2	 0.070	 0.012	 18	 1.84	 5.98	 0.28	 0.36	 6.72	 0.27	 0.22	-1.62	 0.13	 0.10	-1.17	 0.18	 0.18
156.1218750	 +5.4141722	  4	J1024+0524	10 24 29.25	+05 24 51.02	 0.03319	 4.50	 7.84	 0.03	Te[O III]	 20	 20	 2.1	 0.1	 0.101	 0.016	145	 1.33	 7.51	 0.37	 0.28	 7.89	 0.37	 0.24	-0.01	 0.19	 0.12	 0.21	 0.14	 0.12
156.4515833	+36.3828944	  5	J1025+3622	10 25 48.38	+36 22 58.42	 0.12650	 1.81	 8.13	 0.01	Te[O III]	100	 20	 2.4	 0.1	 0.090	 0.006	592	 0.84	 8.81	 0.27	 0.25	 8.87	 0.25	 0.27	 0.80	 0.21	 0.16	 1.04	 0.14	 0.18
161.2407917	 +3.8869722	  6	J1044+0353	10 44 57.79	+03 53 13.10	 0.01287	 1.70	 7.45	 0.03	Te[S III]	200	 40	 6.8	 0.1	 0.079	 0.007	 55	 1.20	 6.13	 0.23	 0.09	 6.80	 0.41	 0.26	-0.90	 0.07	 0.11	-0.59	 0.11	 0.14
166.2840000	+44.7465000	  4	J1105+4444	11 05 08.16	+44 44 47.40	 0.02154	 4.68	 8.23	 0.01	Te[O III]	100	 10	 2.0	 0.1	 0.167	 0.005	 93	 2.65	 7.76	 0.35	 0.25	 8.98	 0.29	 0.24	-0.05	 0.22	 0.17	 0.69	 0.28	 0.22
168.1835417	+55.0630583	  3	J1112+5503	11 12 44.05	+55 03 47.01	 0.13164	 1.91	 8.45	 0.06	Te[N II] 	390	 80	 0.9	 0.1	 0.225	 0.016	618	 0.92	 9.55	 0.26	 0.28	 9.59	 0.33	 0.19	 1.39	 0.22	 0.30	 1.60	 0.20	 0.25
169.8931667	+51.5033389	  5	J1119+5130	11 19 34.36	+51 30 12.02	 0.00446	 2.63	 7.57	 0.04	Te[O III]	 10	 10	 2.0	 0.1	 0.095	 0.008	 20	 1.87	 6.24	 0.25	 0.28	 6.77	 0.15	 0.28	-2.02	 0.26	 0.17	-1.58	 0.21	 0.12
172.3089583	+20.5811139	  4	J1129+2034	11 29 14.15	+20 34 52.01	 0.00470	 1.87	 8.28	 0.04	Te[O III]	 90	 20	 1.8	 0.1	 0.227	 0.011	 21	 3.10	 5.75	 0.36	 0.40	 8.09	 0.37	 0.27	-1.74	 0.15	 0.12	-0.37	 0.38	 0.56
173.0110000	+57.3767750	  4	J1132+5722	11 32 02.64	+57 22 36.39	 0.00504	 2.57	 7.58	 0.08	Te[O III]	120	 30	 0.8	 0.1	 0.095	 0.008	 23	 7.29	 6.02	 0.18	 0.35	 7.31	 0.23	 0.26	-2.31	 0.28	 0.19	-1.07	 0.27	 0.35
173.1472917	+14.1916194	  5	J1132+1411	11 32 35.35	+14 11 29.83	 0.01764	 1.75	 8.25	 0.01	Te[O III]	 90	 20	 2.7	 0.1	 0.127	 0.008	 76	 2.25	 6.79	 0.41	 0.28	 8.68	 0.28	 0.19	-0.58	 0.13	 0.10	 0.44	 0.24	 0.27
176.0928333	+40.2058861	  5	J1144+4012	11 44 22.28	+40 12 21.19	 0.12695	 1.20	 8.43	 0.20	Te[N II] 	130	 30	 0.6	 0.1	 0.223	 0.010	594	 1.16	 9.41	 0.29	 0.22	 9.89	 0.18	 0.29	 1.09	 0.29	 0.41	 1.51	 0.20	 0.29
177.1139167	+25.7699361	  4	J1148+2546	11 48 27.34	+25 46 11.77	 0.04512	 2.07	 7.94	 0.01	Te[O III]	120	 30	 3.7	 0.1	 0.096	 0.021	199	 0.87	 7.39	 0.46	 0.23	 8.14	 0.34	 0.24	 0.29	 0.18	 0.15	 0.53	 0.17	 0.14
177.5113750	+15.0231889	  4	J1150+1501	11 50 02.73	+15 01 23.48	 0.00245	12.60	 8.14	 0.01	Te[O III]	 90	 10	 2.3	 0.1	 0.039	 0.004	 11	 1.76	 5.69	 0.38	 0.30	 6.84	 0.28	 0.30	-1.70	 0.11	 0.09	-1.33	 0.29	 0.23
179.3820000	+32.3417000	  4	J1157+3220	11 57 31.68	+32 20 30.12	 0.01097	14.40	 8.43	 0.02	Te[O III]	 70	 10	 1.2	 0.1	 0.079	 0.006	 48	 2.89	 7.33	 0.41	 0.31	 9.04	 0.32	 0.18	-0.47	 0.19	 0.13	 0.97	 0.21	 0.42
180.1392500	+13.7188750	  4	J1200+1343	12 00 33.42	+13 43 07.95	 0.06675	 1.38	 8.26	 0.02	Te[O III]	260	 30	 5.1	 0.1	 0.146	 0.006	300	 0.98	 7.46	 0.59	 0.21	 8.12	 0.47	 0.42	 0.38	 0.21	 0.15	 0.75	 0.20	 0.16
186.2725417	+61.1531389	  4	J1225+6109	12 25 05.41	+61 09 11.30	 0.00234	 9.50	 7.97	 0.01	Te[O III]	 50	 20	 4.7	 0.1	 0.110	 0.005	 11	 2.60	 5.79	 0.35	 0.28	 7.12	 0.34	 0.24	-1.81	 0.15	 0.13	-1.08	 0.26	 0.26
193.2748333	 -3.2163444	  4	J1253-0312	12 53 05.96	-03 12 58.84	 0.02272	 9.11	 8.06	 0.01	Te[O III]	390	 50	 8.0	 0.2	 0.158	 0.008	 99	 1.08	 7.46	 0.33	 0.25	 7.65	 0.51	 0.23	 0.37	 0.15	 0.18	 0.56	 0.15	 0.15
198.6973750	+34.8832806	  4	J1314+3452	13 14 47.37	+34 52 59.81	 0.00288	 3.72	 8.26	 0.01	Te[O III]	180	 10	 2.3	 0.1	 0.140	 0.006	 13	 1.77	 5.28	 0.25	 0.17	 7.56	 0.30	 0.21	-1.78	 0.14	 0.14	-0.67	 0.23	 0.55
200.9480000	 -1.5477611	  5	J1323-0132	13 23 47.52	-01 32 51.94	 0.02246	 1.33	 7.71	 0.04	Te[O III]	600	140	37.8	 3.0	 0.128	 0.042	 97	 0.70	 6.22	 0.12	 0.09	 6.31	 0.26	 0.10	-0.78	 0.10	 0.09	-0.72	 0.08	 0.09
209.9620000	+57.4397000	  5	J1359+5726	13 59 50.88	+57 26 22.92	 0.03383	 6.34	 7.98	 0.01	Te[O III]	 60	 20	 2.6	 0.1	 0.091	 0.006	148	 1.40	 8.11	 0.36	 0.30	 8.41	 0.31	 0.26	 0.20	 0.25	 0.18	 0.42	 0.20	 0.14
214.0536250	+12.3945611	  5	J1416+1223	14 16 12.87	+12 23 40.42	 0.12316	 2.62	 8.53	11.40	Te[N II] 	270	 20	 0.8	 0.1	 0.246	 0.008	575	 0.99	 9.46	 0.23	 0.30	 9.59	 0.32	 0.26	 1.23	 0.24	 0.26	 1.57	 0.21	 0.25
214.7130000	+21.0444000	  5	J1418+2102	14 18 51.12	+21 02 39.84	 0.00855	 1.17	 7.75	 0.02	Te[S III]	 50	 20	 4.7	 0.1	 0.084	 0.006	 37	 1.13	 5.71	 0.48	 0.21	 6.22	 0.49	 0.35	-1.38	 0.13	 0.15	-1.13	 0.15	 0.16
217.2350417	+16.8942556	  6	J1428+1653	14 28 56.41	+16 53 39.32	 0.18167	 1.25	 8.33	 0.05	Te[O III]	 90	 20	 1.2	 0.1	 0.144	 0.008	880	 0.93	 9.50	 0.19	 0.30	 9.56	 0.15	 0.23	 1.14	 0.27	 0.23	 1.22	 0.26	 0.19
217.4458333	 +6.7263750	  5	J1429+0643	14 29 47.00	+06 43 34.95	 0.17350	 1.62	 8.10	 0.03	Te[O III]	230	 70	 4.2	 0.2	 0.116	 0.012	836	 0.86	 8.46	 0.37	 0.21	 8.80	 0.35	 0.21	 1.29	 0.11	 0.12	 1.42	 0.11	 0.17
221.0477500	+42.6265472	  5	J1444+4237	14 44 11.46	+42 37 35.57	 0.00230	 2.08	 7.64	 0.02	Te[O III]	 90	 40	 4.1	 0.1	 0.081	 0.053	 11	 2.76	 4.91	 0.33	 0.23	 6.48	 0.17	 0.17	-2.41	 0.11	 0.11	-1.94	 0.11	 0.08
222.0224167	 -1.1827000	  4	J1448-0110	14 48 05.38	-01 10 57.72	 0.02741	 4.08	 8.13	 0.01	Te[O III]	150	 20	 8.0	 0.1	 0.148	 0.005	119	 1.07	 7.29	 0.54	 0.30	 7.61	 0.41	 0.24	 0.06	 0.20	 0.13	 0.39	 0.13	 0.14
230.4230000	 +7.9893806	  5	J1521+0759	15 21 41.52	+07 59 21.77	 0.09426	 3.52	 8.31	 0.14	Te[N II] 	 90	 30	 1.5	 0.1	 0.153	 0.008	432	 0.98	 8.90	 0.35	 0.26	 9.00	 0.29	 0.30	 0.85	 0.21	 0.21	 0.95	 0.16	 0.17
231.3410000	 +7.9556389	  5	J1525+0757	15 25 21.84	+07 57 20.30	 0.07579	 3.52	 8.33	 0.04	\To      	210	 20	 0.5	 0.1	 0.246	 0.008	343	 1.32	 9.13	 0.31	 0.24	10.06	 0.28	 0.42	 0.87	 0.28	 0.34	 1.00	 0.69	 0.24
236.4310000	 +8.9670389	  4	J1545+0858	15 45 43.44	+08 58 01.34	 0.03772	 4.37	 7.75	 0.03	Te[O III]	130	 20	 8.6	 0.3	 0.110	 0.036	166	 1.08	 7.39	 0.24	 0.20	 7.52	 0.43	 0.26	 0.32	 0.19	 0.18	 0.37	 0.13	 0.17
243.1896667	 +8.2836139	  5	J1612+0817	16 12 45.52	+08 17 01.01	 0.14914	 2.70	 8.18	 0.19	Te[N II] 	340	 60	 0.7	 0.1	 0.290	 0.008	708	 0.88	 9.74	 0.18	 0.26	 9.78	 0.28	 0.26	 1.43	 0.27	 0.28	 1.58	 0.28	 0.24

