No.	Galaxy Name	R.A.	Decl.	b	D	Method	B	T	
   1 UGC12894       00 00 22.5  39 29 44 -22.32  8.2  v(flow) 16.6  10 0                                                                 
   2 WLM            00 01 58.1 -15 27 39 -73.63  0.92 trgb    11.03 10 1  1440  1440 NGA_WLM                                             
   3 ESO409-IG015   00 05 31.8 -28 05 53 -79.79 10.4  v(flow) 15.1   6 0  1608  1608 GI1_009016_HPJ0005m28                               
   4 ESO349-G031    00 08 13.3 -34 34 42 -78.12  3.21 trgb    15.6  10 0  1608  1608 GI1_047001_ESO349_G031                              
   5 NGC24          00 09 56.7 -24 57 44 -80.43  8.1  v(flow) 12.2   5 1  1579  1579 NGA_NGC0024                                         
   6 NGC45          00 14 04.0 -23 10 55 -80.67  7.1  v(flow) 11.32  8 1  2220  2220 GI4_095001_NGC0045                                  
   7 NGC55          00 14 54.0 -39 11 49 -75.74  2.10 trgb     8.42  9 1  1482  1482 NGA_NGC0055                                         
   8 NGC59          00 15 25.4 -21 26 42 -80.02  5.3  sbf     13.1  -3 1  2393  2393 GI4_095002_NGC0059                                  
   9 MCG-04-02-003  00 19 11.4 -22 40 06 -81.44  9.8  v(flow) 15.6   9 0  1655  3429 GI1_047003_MCG_04_02_003                            
  10 IC10           00 20 23.1  59 17 35  -3.34  0.66 ceph    11.8  10 0                                                                 
  11 ESO473-G024    00 31 22.5 -22 45 57 -83.70  8.0  v(flow) 16.04 10 0  1600  1600 GI1_009007_HPJ0031m22                               
  12 AndIV          00 42 30.1  40 34 33 -22.27  6.11 trgb    16.60 10 0  3562  3562 NGA_M31_MOS12                                       
  13 NGC224         00 42 44.3  41 16 09 -21.57  0.79 ceph     4.36  3 0                                                                 
  14 IC1574         00 43 03.8 -22 14 49 -84.76  4.92 trgb    14.50 10 1  1626  1627 GI4_095043_IC1574                                   
  15 NGC247         00 47 08.3 -20 45 38 -83.56  3.52 trgb     9.67  7 1  2507  2507 NGA_NGC0247                                         
  16 NGC253         00 47 33.1 -25 17 18 -87.96  3.44 trgb     8.04  5 1  3272  3272 NGA_NGC0253                                         
  17 UGCA15         00 49 49.2 -21 00 54 -83.88  3.31 trgb    15.4  10 1  1513  1513 GI1_009002_UGCA015                                  
  18 SMC            00 52 44.8 -72 49 43 -44.33  0.06 ceph     2.70  9 1                                                                 
  19 NGC300         00 54 53.5 -37 41 00 -79.42  2.00 ceph     8.72  7 1  1628  1628 NGA_NGC0300                                         
  20 LGS3           01 03 55.0  21 53 06 -40.89  0.62 trgb    16.18 99 0  1700  1700 NGA_LGS3                                            
  21 UGC668         01 04 47.8  02 07 04 -60.56  0.65 ceph     9.88 10 1  1696  1696 NGA_IC1613                                          
  22 UGC685         01 07 22.4  16 41 02 -46.02  4.70 trgb    14.20  9 1  1609  1609 GI1_047004_UGC00685                                 
  23 UGC695         01 07 46.4  01 03 49 -61.53 10.2  v(flow) 15.3   6 1  1635  1635 GI1_047005_UGC00695                                 
  24 UGC891         01 21 18.9  12 24 43 -49.80 10.8  v(flow) 14.72  9 1  2685  4333 GI1_047006_UGC00891                                 
  25 UGC1056        01 28 47.3  16 41 19 -45.26 10.3  v(flow) 14.9  10 1  2620  2620 GI4_095003_UGC01056                                 
  26 UGC1104        01 32 42.5  18 19 02 -43.47  7.5  bs      14.41  9 1  1168  2864 GI1_036006_UGC01104                                 
  27 NGC598         01 33 50.9  30 39 37 -31.33  0.84 ceph     6.27  6 1  3361  3361 NGA_M33_MOS0                                        
  28 NGC625         01 35 04.2 -41 26 15 -73.12  4.07 trgb    11.7   9 1  4530  4530 GI1_047007_NGC0625                                  
  29 NGC628         01 36 41.7  15 46 59 -45.71  7.3  bs       9.95  5 1  1636  1636 NGA_NGC0628                                         
  30 UGC1176        01 40 09.9  15 54 17 -45.37  9.0  bs      14.4  10 1  1696  3200 GI1_047008_UGC01176                                 
  31 UGCA20         01 43 14.7  19 58 32 -41.25  9.0  v(flow) 15.78 10 0  3382  5078 GI1_047010_UGCA020                                  
  32 ESO245-G005    01 45 03.7 -43 35 53 -70.29  4.43 trgb    12.7  10 1  2424  2424 GI1_047011_ESO245_G005                              
  33 UGC1249        01 47 30.6  27 19 52 -33.90  7.2  bs      12.1   9 1  1526  3097 GI1_047012_IC1727                                   
  34 NGC672         01 47 54.3  27 25 59 -33.78  7.2  bs      11.47  6 1  1526  3097 GI1_047012_IC1727                                   
  35 UGC1281        01 49 31.4  32 35 19 -28.71  5.13 trgb    13.61  8 0   137   137 AISCHV4_058_06877                                   
  36 ESO245-G007    01 51 06.3 -44 26 41 -68.95  0.44 trgb    13.3  10 1  1702  1702 NGA_Phoenix                                         
  37 NGC784         02 01 17.0  28 50 15 -31.59  5.19 trgb    12.23  8 1  2267  2267 GI4_095004_NGC0784                                  
  38 UGC1561        02 04 05.1  24 12 30 -35.75 10.5  v(flow) 16.2  10 0  1693  1693 GI1_047013_UGC01561                                 
  39 NGC855         02 14 03.6  27 52 38 -31.53  9.7  sbf     13.3  -4 1  1500  1500 NGA_NGC0855                                         
  40 UGC1807        02 21 13.4  42 45 46 -17.12  9.2  mem     16.50 10 0  7355  7667 GI2_019004_3C66B                                    
  41 NGC891         02 22 33.4  42 20 57 -17.41  9.2  mem     10.8   3 0  1696  1696 NGA_NGC0891                                         
  42 UGC1865        02 25 00.2  36 02 16 -23.10  9.2  mem     14.4   9 0   169   169 AISCHV4_059_06618                                   
  43 NGC925         02 27 16.9  33 34 45 -25.17  9.16 ceph    10.7   7 0  1671  1671 NGA_NGC0925                                         
  44 UGC1924        02 27 49.8  31 43 36 -26.82 10.4  v(flow) 15.23  6 0   144   144 AISCHV3_064_07003                                   
  45 NGC949         02 30 48.6  37 08 14 -21.63  9.2  mem     12.4   4 0   181   181 AISCHV4_059_06618                                   
  46 NGC959         02 32 24.0  35 29 42 -23.00  9.2  mem     12.9   8 0  1694  1694 NGA_NGC0959                                         
  47 UGC2014        02 32 54.0  38 40 50 -20.05  9.2  mem     15.7  10 0   170   170 AISCHV4_059_06618                                   
  48 UGC2023        02 33 18.2  33 29 28 -24.74  9.2  mem     13.9  10 0   108   108 AISCHV4_064_06804                                   
  49 UGC2034        02 33 42.9  40 31 41 -18.29  9.2  mem     13.7  10 0                                                                 
  50 ESO115-G021    02 37 48.1 -61 20 18 -51.43  4.99 trgb    13.34  8 1  2220  2220 GI4_095005_ESO115_G021                              
  51 NGC1003        02 39 16.6  40 52 21 -17.54  9.2  mem     12.00  6 0   114   114 AISCHV4_059_06440                                   
  52 Maffei2        02 41 54.9  59 36 15  -0.33  3.3  tf      14.8   4 0                                                                 
  53 NGC1058        02 43 29.9  37 20 27 -20.37  9.2  mem     11.8   5 0  2778  2778 GI3_067002_SN2007gr_p                               
  54 UGC2259        02 47 55.4  37 32 18 -19.80  9.2  mem     15.2   8 0                                                                 
  55 ESO154-G023    02 56 50.4 -54 34 17 -54.31  5.76 trgb    12.69  8 1  1573  1573 GI4_095006_ESO154_G023                              
  56 NGC1156        02 59 42.6  25 14 17 -29.20  7.8  bs      12.75 10 0  1423  1423 NGA_NGC1156                                         
  57 ESO300-G014    03 09 37.8 -41 01 50 -58.46 11.0  v(flow) 13.0   9 0  1640  1640 GI1_047015_ESO300_G014                              
  58 ESO300-G016    03 10 10.5 -40 00 11 -58.62  7.8  v(flow) 15.6  10 0  1646  1646 GI1_009006_NGC1249                                  
  59 NGC1291        03 17 18.3 -41 06 28 -57.05  9.4  v(flow)  9.39  0 1  1705  1705 NGA_NGC1291                                         
  60 NGC1313        03 18 15.8 -66 29 53 -44.64  4.15 trgb     9.2   7 1   211   211 AISCHV4_393_39112                                   
  61 NGC1311        03 20 07.4 -52 11 07 -52.66  5.45 trgb    13.18  9 1  1855  1855 MIS2DFR_38632_0859                                  
  62 UGC2684        03 20 23.7  17 17 45 -32.75  6.5  bs      16.30 10 0  4065  6692 GI1_047018_UGC02684                                 
  63 UGC2689        03 21 27.7  40 48 06 -13.68  5.9  v(flow) 14.95 -2 0                                                                 
  64 UGC2716        03 24 07.2  17 45 12 -31.82  6.2  v(flow) 14.64  8 1  4065  6692 GI1_047018_UGC02684                                 
  65 IC1959         03 33 11.8 -50 24 38 -51.54  6.06 trgb    13.26  9 1  1504  1504 GI1_047019_IC1959                                   
  66 UGC2847        03 46 48.9  68 05 46  10.58  3.03 ceph     9.37  6 0  4466  5747 LGAL_IC342                                          
  67 IC2000         03 49 07.3 -48 51 31 -49.60 10.7  v(flow) 13.    6 0   544   544 MIS2DFR_38660_0817                                  
  68 ESO302-G014    03 51 40.9 -38 27 08 -50.88  9.6  v(flow) 16.   10 0  1696  1696 GI1_047021_ESO302_G014                              
  69 NGC1487        03 55 46.1 -42 22 05 -49.76  9.1  v(flow) 12.34  7 1  1696  1696 GI1_047022_NGC1487                                  
  70 ESO249-G036    03 59 15.6 -45 52 21 -48.61  9.6  v(flow) 15.8  10 0  1501  3095 GI1_047023_HorDwarf                                 
  71 UGCA86         03 59 50.1  67 08 37  10.65  2.96 trgb    13.50 10 0   155   155 AISCHV4_052_05261                                   
  72 NGC1510        04 03 32.6 -43 24 00 -48.23  9.8  v(flow) 13.5  -2 1  2370  2370 NGA_NGC1512                                         
  73 NGC1512        04 03 54.3 -43 20 57 -48.16  9.6  v(flow) 11.13  1 1  2370  2370 NGA_NGC1512                                         
  74 NGC1522        04 06 07.7 -52 40 09 -45.97  9.3  v(flow) 13.9  11 1  1434  3059 GI1_009026_NGC1518                                  
  75 NGC1518        04 06 49.6 -21 10 29 -45.31 10.8  v(flow) 12.3   8 0  1652  1737 GI1_047024_NGC1518                                  
  76 ESO483-G013    04 12 41.3 -23 09 36 -44.58 10.4  v(flow) 14.2  -3 1  2307  2307 GI4_095007_ESO483_G013                              
  77 NGC1556        04 17 44.5 -50 09 52 -44.78 10.5  v(flow) 13.5   2 0  1504  3101 GI1_009038_NGC1556                                  
  78 UGCA90         04 21 13.5 -21 50 44 -42.31 10.4  v(flow) 12.7   7 0  1690  1690 GI1_047026_UGCA090                                  
  79 NGC1592        04 29 40.8 -27 24 31 -41.91 10.6  v(flow) 14.6  10 0  1552  3248 GI1_009020_HPJ0429m27                               
  80 NGC1569        04 30 49.0  64 50 53  11.24  3.36 trgb    11.86 10 0  7148  7148 NGA_NGC1569                                         
  81 UGCA92         04 32 04.9  63 36 49  10.52  1.8  bs      15.22 10 0   221   221 AISCHV4_050_07132                                   
  82 NGC1560        04 32 47.7  71 52 46  16.02  3.45 trgb    12.2   7 0   209   209 AISCHV4_050_04972                                   
  83 ESO158-G003    04 46 16.7 -57 20 35 -39.30 10.0  v(flow) 14.01  9 1  2654  2654 GI4_095038_ESO158_G003                              
  84 UGC3174        04 48 34.5  00 14 30 -26.91  8.1  v(flow) 15.02 10 0   192   192 AISCHV4_188_26696                                   
  85 ESO119-G016    04 51 29.2 -61 39 03 -37.77  9.8  v(flow) 14.8  10 1  3638  3638 GI4_095008_ESO119_G016                              
  86 NGC1705        04 54 13.7 -53 21 41 -38.74  5.10 trgb    12.8  11 1  1436  3673 NGA_NGC1705                                         
  87 ESO252-IG001   04 56 58.7 -42 48 14 -38.50  6.0  v(flow) 14.4  99 0                                                                 
  88 NGC1744        04 59 57.6 -26 01 19 -35.02  7.7  v(flow) 11.6   6 1  1883  3874 GI1_047027_NGC1744                                  
  89 NGC1796        05 02 42.8 -61 08 23 -36.55 10.3  v(flow) 12.9   5 1  2587  2587 GI4_095009_NGC1796                                  
  90 ESO486-G021    05 03 19.7 -25 25 23 -34.13  8.9  v(flow) 14.5   2 1  1687  1687 GI4_095010_ESO486_G021                              
  91 MCG-05-13-004  05 06 24.1 -31 57 11 -35.12  6.6  v(flow) 13.2   9 1  1695  4598 NGA_NGC1800                                         
  92 NGC1800        05 06 25.4 -31 57 15 -35.12  8.2  v(flow) 13.07  9 1  1695  4598 NGA_NGC1800                                         
  93 NGC1808        05 07 42.3 -37 30 46 -35.90 10.6  v(flow) 10.76  1 0  2155  2155 GI2_121004_LGG127_POS2                              
  94 ESO305-G009    05 08 07.6 -38 18 33 -35.94 10.9  v(flow) 13.    8 0  2829  2829 GI1_009064_HPJ0508m38                               
  95 UGCA103        05 10 47.0 -31 35 50 -34.14 10.4  v(flow) 13.1   9 0                                                                 
  96 UGCA106        05 11 59.3 -32 58 21 -34.20  9.8  v(flow) 13.1   9 1  1616  4439 GI1_047029_UGCA106                                  
  97 UGCA105        05 14 15.0  62 34 31  13.66  3.15 trgb    14.5  10 0   216   216 AISCHV4_095_02872                                   
  98 LMC            05 23 34.5 -69 45 22 -32.89  0.05 ceph     0.91  9 1                                                                 
  99 UGC3303        05 24 59.5  04 30 18 -16.92  7.2  bs      13.95 10 0                                                                 
 100 ESO553-G046    05 27 05.7 -20 40 41 -27.42  5.0  v(flow) 14.5   1 0   225   225 AISCHV4_299_27736                                   
 101 ESO306-G013    05 38 58.3 -41 44 14 -30.67 10.8  v(flow) 14.2   3 0                                                                 
 102 UGCA114        05 50 54.3 -14 46 45 -19.94  9.8  v(flow) 12.97  7 0   110   110 AISCHV4_296_27462                                   
 103 UGCA116        05 55 42.6  03 23 30 -10.77  9.1  v(flow) 15.5  11 0  2465  2465 GI3_089007_IIZw40                                   
 104 KKH34          05 59 41.2  73 25 39  22.35  4.61 trgb    17.10 10 0   214   214 AISCHV3_094_02649                                   
 105 ESO364-G?029   06 05 45.2 -33 04 51 -23.37  7.4  v(flow) 14.0  10 0                                                                 
 106 AM0605-341     06 07 19.3 -34 12 17 -23.40  7.0  v(flow) 15.5  10 0                                                                 
 107 NGC2188        06 10 09.5 -34 06 22 -22.81  6.8  v(flow) 12.1   9 0                                                                 
 108 UGCA120        06 11 16.3 -21 35 57 -18.19  8.7  v(flow) 14.1  10 0                                                                 
 109 UGCA127        06 20 55.5 -08 29 42 -10.61  7.5  v(flow) 14.16  6 0                                                                 
 110 UGC3475        06 30 28.8  39 30 14  13.14  7.0  v(flow) 15.0   9 0                                                                 
 111 ESO255-G019    06 45 48.2 -47 31 52 -20.56 10.4  v(flow) 14.    9 0                                                                 
 112 KKH37          06 47 45.8  80 07 26  26.54  3.26 trgb    16.40 10 1  1672  1672 GI3_061011_kkh037                                   
 113 ESO207-G007    06 50 39.9 -52 08 25 -21.21 10.7  v(flow) 14.2   9 0   116   116 AISCHV4_410_40316                                   
 114 UGC3600        06 55 40.0  39 05 43  17.48  7.3  bs      16.19 10 0   221   221 AISCHV4_082_04070                                   
 115 AM0704-582     07 05 18.8 -58 31 13 -21.15  4.90 trgb    14.95  9 0                                                                 
 116 NGC2337        07 10 13.5  44 27 26  21.80  7.9  bs      13.48 10 0   220   220 AISCHV4_078_03629                                   
 117 UGC3817        07 22 44.5  45 06 31  24.11  8.6  bs      15.96 10 0    87    87 AISCHV4_078_03729                                   
 118 UGC3860        07 28 17.2  40 46 12  23.93  7.81 trgb    15.1  10 0  1688  1688 GI4_016002_DDO43                                    
 119 NGC2366        07 28 54.6  69 12 57  28.53  3.21 trgb    11.43 10 1  2935  2935 NGA_NGC2366                                         
 120 UGC3876        07 29 17.5  27 53 58  20.04 10.8  v(flow) 14.1   6 0                                                                 
 121 ESO059-G001    07 31 18.2 -68 11 17 -21.48  4.57 trgb    13.98 10 0                                                                 
 122 NGC2427        07 36 27.9 -47 38 05 -12.70  9.0  v(flow) 12.33  8 0                                                                 
 123 NGC2403        07 36 51.4  65 36 09  29.18  3.22 ceph     8.93  6 1  3317  3317 NGA_NGC2403                                         
 124 UGC3966        07 41 26.0  40 06 44  26.17  6.8  bs      13.9  10 0  2857  2857 GI4_016003_DDO46                                    
 125 UGC3974        07 41 55.4  16 48 09  18.54  8.04 trgb    13.6  10 0  2493  2493 GI4_016004_DDO47                                    
 126 CGCG262-028    07 47 32.1  51 11 29  29.37  6.9  v(flow) 14.9   5 0   140   140 AISCHV3_079_03433                                   
 127 UGC4115        07 57 01.8  14 23 27  20.90  7.72 trgb    15.23 10 0  1315  1315 GI4_042006_AOHI075702p142337                        
 128 NGC2500        08 01 53.3  50 44 15  31.56  7.6  v(flow) 12.2   7 1  2979  2979 NGA_NGC2500                                         
 129 NGC2537        08 13 14.7  45 59 26  32.96  6.9  bs      12.82  8 1  3204  3204 NGA_NGC2537                                         
 130 UGC4278        08 13 58.9  45 44 34  33.06  7.6  v(flow) 13.1   7 1  3204  3204 NGA_NGC2537                                         
 131 UGC4305        08 19 04.0  70 43 09  32.69  3.38 trgb    11.1  10 1  1677  1677 NGA_HolmbergII                                      
 132 NGC2552        08 19 20.1  50 00 25  34.29  7.7  v(flow) 12.6   9 1  1696  3386 MISDR1_03473_0440                                   
 133 M81dwA         08 23 56.0  71 01 45  33.01  3.44 trgb    18.69 10 1  1677  1677 NGA_HolmbergII                                      
 134 SDSSJ0825+3532 08 25 55.5  35 32 32  33.73  9.3  v(flow) 18.05 11 0  1120  2493 NGA_HS0822p3542                                     
 135 UGC4426        08 28 28.4  41 51 24  35.21 10.28 trgb    15.0  10 1  1696  1696 GI1_047032_UGC04426                                 
 136 UGC4459        08 34 07.2  66 10 54  34.95  3.61 trgb    14.78 10 1  1693  1693 NGA_DDO053                                          
 137 ESO495-G021    08 36 15.4 -26 24 34   8.58  7.8  v(flow) 12.46 11 0                                                                 
 138 UGC4483        08 37 03.0  69 46 31  34.38  3.41 trgb    15.27 10 1  1393  1393 NGA_UGC4483                                         
 139 NGC2683        08 52 41.4  33 25 14  38.76  7.7  sbf     10.64  3 1  1597  1597 GI4_095011_NGC2683                                  
 140 UGC4704        08 59 00.3  39 12 36  40.74  7.8  v(flow) 15.3   8 1  1247  2287 NGA_IRAS08572                                       
 141 LSBCD564-08    09 02 53.8  20 04 32  37.60  8.67 trgb    16.90 10 0  1582  1582 GI4_016008_F564mV3                                  
 142 UGC4787        09 07 34.9  33 16 36  41.81  6.5  v(flow) 15.4   8 1  1595  1595 GI4_095012_UGC04787                                 
 143 LSBCD634-03    09 08 53.5  14 34 55  36.94  9.46 trgb    17.50 10 0   149   149 AISCHV3_194_23888                                   
 144 UGCA148        09 09 46.5 -23 00 33  16.66  9.8  mem     15.3  10 0                                                                 
 145 NGC2784        09 12 19.5 -24 10 21  16.35  9.8  sbf     11.3  -2 0  5861  7250 NGA_NGC2784                                         
 146 UGCA153        09 13 12.1 -19 24 31  19.59  6.5  v(flow) 15.40 10 0   116   116 AISCHV4_210_25319                                   
 147 NGC2835        09 17 52.9 -22 21 18  18.51  8.0  v(flow) 11.0   5 0   106   106 AISCHV4_322_25486                                   
 148 LSBCD565-06    09 19 30.0  21 36 12  41.76  9.08 trgb    16.95 10 0   112   112 AISCHV3_193_16500                                   
 149 UGCA162        09 21 28.1 -22 30 07  19.03  7.5  v(flow) 15.2   9 0   117   117 AISCHV4_322_25486                                   
 150 UGC4998        09 25 12.1  68 22 59  38.89 10.5  sbf     14.72 10 1  1948  1948 NGA_Arp300                                          
 151 NGC2915        09 26 11.5 -76 37 36 -18.36  3.78 trgb    13.20  0 0  4728  4728 NGA_NGC2915                                         
 152 NGC2903        09 32 10.1  21 30 04  44.54  8.9  bs       9.68  4 1  1915  1915 NGA_NGC2903                                         
 153 UGC5076        09 32 36.4  51 52 19  45.57  8.3  v(flow) 15.2  10 1                                                                 
 154 CGCG035-007    09 34 44.9  06 25 32  38.99  5.2  v(flow) 15.5   5 1  1869  3472 GI1_047033_CGCG035_007                              
 155 LeoT           09 34 53.4  17 03 05  43.66  0.42 trgb    16.40 10 0  1549  1550 NGA_LeoT                                            
 156 UGC5151        09 40 27.1  48 20 15  47.60 10.7  v(flow) 13.8  10 0                                                                 
 157 UGC5139        09 40 32.3  71 10 56  38.66  3.90 trgb    14.17 10 1  1704  1704 NGA_HolmbergI                                       
 158 IC559          09 44 43.9  09 36 55  42.70  4.9  v(flow) 14.8   5 1  1470  2704 GI1_047034_IC0559                                   
 159 UGC5209        09 45 04.2  32 14 18  49.51  6.4  v(flow) 16.06 10 0   208   208 AISCHV4_214_02210                                   
 160 NGC2976        09 47 15.3  67 55 00  40.90  3.56 trgb    11.24  5 1  1693  1693 GI3_061016_KK77                                     
 161 UGC5272b       09 50 19.4  31 27 21  50.55  7.1  mem     17.76 10 0  1542  1543 GI4_095013_UGC05272                                 
 162 UGC5272        09 50 22.4  31 29 16  50.56  7.1  bs      15.41 10 1  1542  1543 GI4_095013_UGC05272                                 
 163 UGC5288        09 51 17.0  07 49 39  43.25  6.8  bs      14.32  8 1  1676  1676 GI1_047035_UGC05288                                 
 164 NGC3037        09 51 23.5 -27 00 36  20.70  7.9  v(flow) 13.7   9 0   218   218 AISCHV4_322_25658                                   
 165 BK3N           09 53 48.5  68 58 09  40.83  3.86 trgb    18.78 10 1  3075  3075 NGA_M81andM82                                       
 166 NGC3031        09 55 33.2  69 03 55  40.90  3.63 ceph     7.89  2 1  3075  3075 NGA_M81andM82                                       
 167 NGC3034        09 55 52.2  69 40 47  40.57  3.37 trgb     9.30  7 1  3075  3075 NGA_M81andM82                                       
 168 UGC5340        09 56 45.7  28 49 35  51.62  5.9  bs      14.8  10 1  1439  1439 GI1_047036_UGC05340                                 
 169 KDG61          09 57 03.1  68 35 31  41.28  3.49 trgb    15.17 -6 1 16218 16218 GI2_024001_NGC3077_Stream                           
 170 UGC5336        09 57 32.0  69 02 45  41.06  3.61 trgb    14.3  10 1  3075  3075 NGA_M81andM82                                       
 171 ESO435-G016    09 58 46.2 -28 37 19  20.57  9.1  v(flow) 13.6   3 0  4228  5882 NGA_Tol2                                            
 172 ESO435-IG020   09 59 20.7 -28 07 54  21.03  9.0  v(flow) 14.4  10 0  4228  5882 NGA_Tol2                                            
 173 UGC5364        09 59 26.4  30 44 47  52.42  0.69 trgb    12.9  10 1  1536  1536 GI4_016005_DDO69                                    
 174 UGC5373        10 00 00.1  05 19 56  43.78  1.39 trgb    11.8  10 1  1085  1085 NGA_SextansB                                        
 175 UGCA193        10 02 36.0 -06 00 49  37.43  9.7  mem     14.84  7 1  2169  2169 GI4_095015_UGCA193                                  
 176 NGC3109        10 03 06.6 -26 09 32  23.07  1.28 trgb    10.39  9 1 10338 13636 NGA_NGC3109                                         
 177 NGC3077        10 03 20.6  68 44 04  41.66  3.83 trgb    10.6   6 1                                                                 
 178 UGCA196        10 03 41.8 -27 01 40  22.49  8.8  v(flow) 13.4   6 0 11735 15032 NGA_Antlia_Dw                                       
 179 NGC3113        10 04 26.1 -28 26 39  21.51 10.5  v(flow) 13.3   7 0                                                                 
 180 UGC5427        10 04 41.0  29 21 55  53.40  7.1  bs      15.9   8 0  1594  1594 GI1_047038_UGC05427                                 
 181 UGC5428        10 05 06.4  66 33 32  43.09  3.53 trgb    15.95 10 1  1704  1704 GI3_061017_UGC05428                                 
 182 NGC3115        10 05 14.0 -07 43 07  36.78  9.7  sbf      9.87 -3 0  1304  1304 NGA_NGC3115                                         
 183 UGC5423        10 05 30.6  70 21 52  40.81  5.3  bs      15.20 10 1  1698  1698 NGA_M81DwB                                          
 184 NGC3125        10 06 33.6 -29 56 09  20.64 10.8  v(flow) 13.5  11 0  3024  5927 NGA_NGC3125                                         
 185 UGC5453        10 07 07.3  15 59 04  50.40  9.3  v(flow) 15.8  10 0                                                                 
 186 UGC5451        10 07 19.0  47 00 22  52.31  8.7  v(flow) 14.4  10 0   122   122 AISCHV3_081_01122                                   
 187 UGC5456        10 07 19.6  10 21 46  47.94  3.80 trgb    13.7   5 1  1552  1552 GI4_095016_UGC05456                                 
 188 KUG1004+392    10 07 23.0  38 58 10  53.99  7.8  v(flow) 16.0  10 0   119   119 AISCHV3_086_01586                                   
 189 NGC3137        10 09 07.5 -29 03 52  21.67 10.8  v(flow) 12.1   6 0                                                                 
 190 SextansA       10 11 00.8 -04 41 34  39.88  1.32 ceph    11.86 10 1  1689  1689 NGA_SextansA                                        
 191 NGC3175        10 14 42.1 -28 52 19  22.58 10.7  v(flow) 12.13  2 0   225   225 AISCHV4_328_25973                                   
 192 NGC3239        10 25 05.6  17 09 37  54.82  8.3  v(flow) 11.7   9 1  1766  1766 GI1_047039_NGC3239                                  
 193 UGC5672        10 28 20.9  22 34 17  57.33  6.3  bs      15.1   5 1  1772  1772 GI1_047040_UGC05672                                 
 194 UGC5666        10 28 21.2  68 24 43  43.61  3.81 trgb    10.8   9 1  1848  3520 NGA_IC2574                                          
 195 UGC5692        10 30 35.0  70 37 07  42.18  3.80 trgb    13.71  9 1  1821  3505 GI1_047041_UGC05692                                 
 196 NGC3274        10 32 17.1  27 40 07  59.21  6.5  bs      13.2   7 1  1661  1661 GI1_047042_NGC3274                                  
 197 UGC5740        10 34 45.8  50 46 06  54.98  9.3  v(flow) 15.6   9 0   100   100 AISCHV4_092_01025                                   
 198 UGCA212        10 35 23.2 -24 45 15  28.62 10.1  v(flow) 13.2   8 0   175   175 AISCHV4_324_25706                                   
 199 NGC3299        10 36 23.8  12 42 27  55.29 10.4  mem     14.1   8 1  1076  2253 GI4_095017_NGC3299                                  
 200 UGC5764        10 36 43.3  31 32 48  60.43  7.1  v(flow) 15.2  10 1  1614  1614 GI1_047043_UGC05764                                 
 201 UGC5797        10 39 25.2  01 43 05  49.44  6.8  v(flow) 15.0  10 1  1660  1660 GI1_047044_UGC05797                                 
 202 IC625          10 42 38.0 -23 56 08  30.22 10.1  v(flow) 13.8   5 0   214   214 AISCHV4_324_25582                                   
 203 UGC5829        10 42 42.2  34 26 56  61.53  7.9  v(flow) 13.7  10 1  2189  2189 GI1_047045_UGC05829                                 
 204 NGC3344        10 43 30.9  24 55 22  61.26  6.6  v(flow) 10.4   4 1  1414  1718 NGA_NGC3344                                         
 205 NGC3351        10 43 57.8  11 42 14  56.37 10.00 ceph    10.53  3 1  1701  1701 NGA_NGC3351                                         
 206 NGC3365        10 46 12.6  01 48 48  50.75 10.5  v(flow) 13.2   6 0  2987  2987 GI1_047046_NGC3365                                  
 207 NGC3368        10 46 45.7  11 49 12  57.01 10.52 ceph    10.1   2 1  1698  1698 NGA_NGC3368                                         
 208 UGC5889        10 47 22.3  14 04 10  58.29  9.3  bs      14.2   9 1  1639  1639 GI3_084014_J104728p135322                           
 209 UGC5917        10 48 53.9  46 43 14  58.98 10.3  v(flow) 16.1  10 0   106   106 AISCHV4_091_01363                                   
 210 UGC5923        10 49 07.6  06 55 02  54.64  7.2  v(flow) 14.0   0 1  3259  3259 GI3_046013_UGC5923                                  
 211 UGC5918        10 49 36.5  65 31 50  47.12  7.4  bs      15.22 10 1  1530  1530 GI4_016006_DDO87                                    
 212 NGC3412        10 50 53.3  13 24 44  58.70 10.4  mem     11.4  -2 0  1641  1641 GI3_084016_J104952p130942                           
 213 ESO376-G022    10 51 21.0 -34 25 50  22.20  9.0  v(flow) 14.2  10 0                                                                 
 214 NGC3432        10 52 31.3  36 37 11  63.16  7.9  v(flow) 11.7   9 1  1717  1717 GI4_095018_NGC3432                                  
 215 KDG73          10 52 57.1  69 32 58  44.23  4.03 trgb    17.28 10 1  1703  1703 GI1_047048_KDG073                                   
 216 NGC3489        11 00 18.6  13 54 04  60.91 10.4  mem     11.1  -1 0  1642  1642 GI3_087007_NGC3489                                  
 217 NGC3486        11 00 23.9  28 58 30  65.49  8.2  v(flow) 11.05  5 1  1488  3069 GI4_095046_NGC3486                                  
 218 UGC6102        11 01 48.4  28 41 21  65.78  8.5  v(flow) 15.5  10 0   541  1989 NGA_NGC3486                                         
 219 NGC3510        11 03 43.4  28 53 13  66.21  8.6  v(flow) 14.    8 1  1565  1565 GI1_047049_NGC3510                                  
 220 ESO377-G003    11 03 55.2 -34 21 30  23.45  9.2  v(flow) 14.9   4 0   110   110 AISCHV4_455_37081                                   
 221 MRK36          11 04 58.5  29 08 22  66.49  7.8  v(flow) 15.7  11 0  1565  1565 GI1_047049_NGC3510                                  
 222 NGC3521        11 05 48.6  -0 02 09  52.83  8.0  v(flow)  9.83  4 1  1809  1809 NGA_NGC3521                                         
 223 UGC6161        11 06 49.2  43 43 24  63.19 10.3  v(flow) 15.    8 0  1460  1460 GI3_121012_J110638p432344                           
 224 MESSIER108     11 11 31.0  55 40 27  56.25 10.4  v(flow) 10.69  6 0  1623  1623 GI4_034001_M108                                     
 225 NGC3593        11 14 37.0  12 49 04  63.21  6.5  v(flow) 11.86  0 1  1596  1596 GI4_095041_NGC3593                                  
 226 NGC3599        11 15 27.0  18 06 37  66.14  9.6  v(flow) 12.8  -2 0  2468  2468 GI3_079016_NGC3608                                  
 227 NGC3600        11 15 52.1  41 35 32  65.68  9.7  v(flow) 14.0   1 0  1583  1583 GI1_047050_NGC3600                                  
 228 NGC3621        11 18 16.0 -32 48 42  26.10  6.64 ceph    10.2   7 0 10926 10926 NGA_NGC3621                                         
 229 NGC3623        11 18 55.9  13 05 37  64.22  8.9  v(flow) 10.25  1 1  1650  1650 GI3_041004_NGC3623                                  
 230 NGC3627        11 20 15.0  12 59 30  64.42 10.05 ceph     9.7   3 1  1680  3072 NGA_NGC3627                                         
 231 NGC3628        11 20 16.9  13 35 20  64.78  9.4  v(flow) 10.28  3 1  7511  7512 NGA_NGC3628_cen                                     
 232 IC2782         11 22 55.3  13 26 29  65.21  9.7  v(flow) 14.9   8 0   102  1625 AISCHV4_232_12480,GI5_002014_HI1123377p125353_0001  
 233 IC2787         11 23 19.1  13 37 47  65.40  7.7  v(flow) 16.1   6 0                                                                 
 234 NGC3675        11 26 08.6  43 35 09  66.19 10.6  v(flow) 11.0   3 0   105   105 AISCHV4_102_01355                                   
 235 UGC6457        11 27 12.2  -0 59 41  55.34 10.2  v(flow) 15.   10 1  2241  3353 GI4_095019_UGC06457                                 
 236 UGC6456        11 27 59.9  78 59 39  37.33  4.34 trgb    15.9  10 0  1642  1642 NGA_VIIZw403                                        
 237 UGC6541        11 33 28.9  49 14 14  63.28  3.89 trgb    14.40 11 1  1648  1648 GI4_016011_MRK178                                   
 238 NGC3738        11 35 48.8  54 31 26  59.31  4.90 trgb    11.97 10 1  1620  1620 GI4_016009_NGC3738                                  
 239 NGC3741        11 36 06.2  45 17 01  66.45  3.24 trgb    14.49 10 1  1663  3231 GI1_047051_NGC3741                                  
 240 LEDA166115     11 47 11.2  43 40 19  68.98  4.51 trgb    18.62 10 0   122   122 AISCHV3_102_01354                                   
 241 UGC6817        11 50 53.0  38 52 49  72.74  2.59 trgb    13.56 10 1  2373  2373 GI1_047053_UGC06817                                 
 242 UGC6900        11 55 39.4  31 31 10  77.08  7.5  v(flow) 14.8  10 1  1677  1677 GI1_047054_UGC06900                                 
 243 BTS76          11 58 44.1  27 35 06  78.29  6.0  v(flow) 16.50 10 0  1417  1417 GI1_026016_Arp305                                   
 244 NGC4020        11 58 56.6  30 24 44  78.05  9.7  v(flow) 13.8   7 1  1680  1680 GI1_047055_NGC4020                                  
 245 UGC7007        12 01 33.1  33 20 29  77.58 10.1  v(flow) 16.30  9 0   136   136 AISCHV4_112_12396                                   
 246 NGC4068        12 04 00.8  52 35 18  63.04  4.31 trgb    13.02 10 1  2569  2569 GI4_095022_NGC4068                                  
 247 NGC4080        12 04 51.8  26 59 33  79.63  6.9  v(flow) 14.3  10 1  1688  1688 GI1_047056_NGC4080                                  
 248 NGC4096        12 06 01.0  47 28 40  67.79  8.3  v(flow) 11.48  5 1  1660  1660 GI1_047058_NGC4096                                  
 249 KUG1207+367    12 09 56.4  36 26 07  77.20  4.5  v(flow) 15.50 10 0  7205 10324 GI4_015004_NGC4163                                  
 250 NGC4144        12 09 58.4  46 27 27  69.01  9.8  bs      12.1   6 1  1664  4541 GI1_047059_NGC4144                                  
 251 NGC4163        12 12 09.1  36 10 09  77.70  2.87 trgb    13.75 10 1  1677  1677 GI3_061001_NGC4163                                  
 252 NGC4190        12 13 44.7  36 38 03  77.59  3.5  bs      13.9  10 1  1677  1677 GI3_061001_NGC4163                                  
 253 UGC7242        12 14 08.4  66 05 41  50.60  5.42 trgb    14.7   6 1  1697  1697 MISDR1_00419_0493                                   
 254 UGCA276        12 14 57.9  36 13 08  78.06  2.95 trgb    15.70 10 1  1677  1677 GI3_061001_NGC4163                                  
 255 NGC4204        12 15 14.5  20 39 31  79.50 10.4  v(flow) 14.0   8 0  1546  1693 GI1_047061_NGC4204                                  
 256 UGC7267        12 15 23.6  51 20 58  64.84  7.3  v(flow) 15.3   8 1  1658  1658 GI1_047062_UGC07267                                 
 257 UGC7271        12 15 33.3  43 26 06  72.15  7.8  v(flow) 15.53  7 0  1669  2568 GI1_047063_UGC07271                                 
 258 NGC4214        12 15 38.9  36 19 40  78.07  3.04 trgb    10.2  10 1  2003  2003 GI4_095023_NGC4214                                  
 259 CGCG269-049    12 15 46.7  52 23 15  63.87  3.2  v(flow) 15.30 10 1  1652  1652 GI3_061013_CGCG269_049                              
 260 UGC7298        12 16 30.1  52 13 39  64.06  4.21 trgb    16.06 10 0  1674  1674 GI3_061013_CGCG269_049                              
 261 NGC4236        12 16 42.1  69 27 46  47.36  4.45 trgb    10.1   8 1  1690  1690 NGA_NGC4236                                         
 262 NGC4244        12 17 29.9  37 48 29  77.16  4.49 trgb    10.9   6 1  1607  3087 GI1_047064_NGC4244                                  
 263 NGC4242        12 17 30.1  45 37 08  70.32  7.4  v(flow) 11.4   8 1   559  2250 NGA_NGC4242                                         
 264 NGC4248        12 17 50.3  47 24 31  68.68  7.2  v(flow) 13.21  3 1  1642  1642 GI4_095048_NGC4258                                  
 265 IC3104         12 18 46.0 -79 43 34 -16.95  2.27 trgb    13.5  10 0                                                                 
 266 NGC4258        12 18 57.5  47 18 14  68.84  7.98 ceph     9.10  4 1  1642  1642 GI4_095048_NGC4258                                  
 267 UGC7356        12 19 09.1  47 05 23  69.05  6.7  sbf     15.58 10 0        1674                                                     
 268 ISZ399         12 19 59.5 -17 23 31  44.83  9.0  v(flow) 14.7  11 1                                                                 
 269 NGC4288        12 20 38.1  46 17 33  69.89  7.7  v(flow) 13.3   7 1  1510  2756 GI1_047066_NGC4288                                  
 270 UGC7408        12 21 15.0  45 48 41  70.38  6.9  v(flow) 13.3   9 1  1510  2756 GI1_047066_NGC4288                                  
 271 UGC7490        12 24 25.3  70 20 01  46.62  8.4  v(flow) 13.1   9 1                                                                 
 272 LEDA166137     12 25 27.9  28 28 57  84.10  6.0  v(flow) 16.50 10 0    95    95 AISCHV4_113_12847                                   
 273 NGC4395        12 25 48.9  33 32 48  81.53  4.61 trgb    10.6   9 1  1696  1696 NGA_NGC4395                                         
 274 UGCA281        12 26 16.0  48 29 37  68.08  5.7  bs      15.4  11 1  1672  1672 GI1_047067_UGCA281                                  
 275 UGC7559        12 27 05.1  37 08 33  78.74  4.87 trgb    14.2  10 1  1680  1680 GI1_047068_UGC07559                                 
 276 UGC7577        12 27 40.9  43 29 44  72.94  2.58 trgb    12.8  10 1  1687  1687 GI1_047069_UGC07577                                 
 277 UGC7584        12 28 02.9  22 35 22  83.02  7.3  v(flow) 16.20  9 0  2462  2462 GI1_047071_NGC4455                                  
 278 LSBCF573-01    12 28 05.4  22 17 27  82.82  7.2  v(flow) 17.00 10 0  2462  2462 GI1_047071_NGC4455                                  
 279 NGC4449        12 28 11.2  44 05 36  72.40  4.21 trgb    10.0  10 1   845   845 NGA_NGC4449                                         
 280 UGC7599        12 28 28.5  37 14 01  78.79  6.9  bs      14.88  8 1  1680  1680 GI1_047068_UGC07559                                 
 281 UGC7605        12 28 38.7  35 43 03  80.14  4.43 trgb    14.8  10 1  1680  1680 GI1_047070_UGC07605                                 
 282 NGC4455        12 28 44.1  22 49 21  83.29  7.8  v(flow) 14.    7 1  2462  2462 GI1_047071_NGC4455                                  
 283 UGC7608        12 28 45.3  43 13 35  73.26  7.8  v(flow) 13.7  10 1  1687  1687 GI1_047069_UGC07577                                 
 284 NGC4460        12 28 45.5  44 51 51  71.69  9.6  sbf     12.8  -1 1   845   845 NGA_NGC4449                                         
 285 MCG+07-26-011  12 28 52.2  42 10 41  74.26  6.0  v(flow) 16.33  8 0  1587  2810 NGA_NGC4490                                         
 286 UGC7639        12 29 53.4  47 31 52  69.17  8.0  bs      13.99 10 1  3249  5883 GI1_047072_UGC07639                                 
 287 MCG+07-26-012  12 30 23.8  42 54 06  73.66  6.4  v(flow) 16.47  6 0  1671  1671 GI4_095025_UGC7690                                  
 288 NGC4485        12 30 31.1  41 42 01  74.81  7.1  v(flow) 12.32 10 1  1587  2810 NGA_NGC4490                                         
 289 NGC4490        12 30 36.1  41 38 34  74.87  8.0  v(flow) 10.22  7 1  1587  2810 NGA_NGC4490                                         
 290 UGC7678        12 32 00.7  39 49 59  76.67  9.3  v(flow) 16.    6 0   103   103 AISCHV3_107_01912                                   
 291 UGC7690        12 32 26.8  42 42 18  73.95  7.7  v(flow) 13.1  10 1  1671  1671 GI4_095025_UGC7690                                  
 292 UGC7699        12 32 48.0  37 37 18  78.80  6.8  v(flow) 13.6   6 1  1654  1654 GI1_047074_UGC07699                                 
 293 UGC7698        12 32 54.4  31 32 28  84.02  6.1  bs      13.0  10 1  1671  1671 GI1_047075_UGC07698                                 
 294 UGC7719        12 34 00.6  39 01 10  77.57  9.4  v(flow) 15.3   8 1  1677  3287 GI1_047076_UGC07719                                 
 295 NGC4534        12 34 05.4  35 31 08  80.83 10.8  v(flow) 13.0   8 0  1677  1677 GI1_047077_NGC4534                                  
 296 UGC7774        12 36 22.5  40 00 19  76.75  7.4  v(flow) 15.02  7 1  1661  1661 GI4_095042_UGC7774                                  
 297 UGCA290        12 37 21.8  38 44 38  78.02  6.70 trgb    15.74 11 0   121   121 AISCHV4_107_01563                                   
 298 UGCA292        12 38 40.0  32 46 01  83.72  3.62 trgb    16.10 10 1  1728  3301 GI4_016001_CVNIDWA                                  
 299 M104           12 39 59.4 -11 37 23  51.15  9.3  sbf      8.98  1 1  1911  1911 NGA_NGC4594                                         
 300 NGC4605        12 40 00.3  61 36 29  55.47  5.47 trgb    10.89  5 1  1654  1654 GI1_047078_NGC4605                                  
 301 NGC4618        12 41 32.7  41 09 04  75.83  7.8  v(flow) 11.22  8 1  3242  3242 NGA_NGC4625                                         
 302 NGC4625        12 41 52.6  41 16 26  75.72  8.7  v(flow) 12.92  9 1  3242  3242 NGA_NGC4625                                         
 303 NGC4631        12 42 08.0  32 32 26  84.22  8.1  v(flow)  9.8   7 1  1465  1465 NGA_NGC4631                                         
 304 UGC7866        12 42 15.1  38 30 12  78.46  4.57 trgb    13.7  10 1  1680  1680 GI1_047079_IC3687                                   
 305 NGC4656        12 43 57.7  32 10 05  84.70  8.6  v(flow) 10.96  9 1  1672  3376 GI1_047080_NGC4656                                  
 306 UGC7916        12 44 25.1  34 23 12  82.59  8.2  v(flow) 15.   10 1  1349  1349 GI1_047081_UGC07916                                 
 307 ESO381-G020    12 46 00.4 -33 50 17  29.02  5.44 trgb    14.7  10 0    94    94 AISCHV4_432_45330                                   
 308 UGCA298        12 46 55.4  26 33 51  88.85 10.3  v(flow) 15.6  -3 0   116   116 AISCHV4_113_12985                                   
 309 UGC7950        12 46 56.4  51 36 46  65.50  7.9  v(flow) 15.1  10 1  1664  1664 GI1_047082_UGC07950                                 
 310 UGC7949        12 46 59.8  36 28 35  80.60  9.9  bs      15.12 10 1  1950  2846 GI1_047083_UGC07949                                 
 311 NGC4707        12 48 22.9  51 09 53  65.96  7.4  v(flow) 13.4   9 1  1664  1664 GI1_047082_UGC07950                                 
 312 NGC4736        12 50 53.0  41 07 14  76.01  4.66 trgb     9.0   2 1  3994  3994 NGA_NGC4736                                         
 313 UGC8024        12 54 05.2  27 08 55  89.41  4.3  bs      13.9  10 1  1442  1442 NGA_DDO154                                          
 314 UGC8055        12 56 04.3  03 48 43  66.66  6.6  v(flow) 17.00 10 0   110   110 AISCHV4_228_13578                                   
 315 NGC4826        12 56 43.7  21 40 52  84.42  7.5  sbf      9.36  2 1  1330  5813 WDST_GD_153                                         
 316 UGC8091        12 58 40.4  14 13 03  76.98  2.08 trgb    14.68 10 1   110   110 AISCHV4_223_13511                                   
 317 UGC8146        13 02 08.1  58 42 05  58.37 10.6  v(flow) 14.4   6 0  6599  6599 GI2_025004_PG1259p593                               
 318 UGCA319        13 02 14.4 -17 14 15  45.56  7.4  v(flow) 15.0   9 1  1456  7086 GI1_047084_UGCA319                                  
 319 UGCA320        13 03 16.8 -17 25 23  45.36  7.2  v(flow) 13.5   9 1  1456  7086 GI1_047084_UGCA319                                  
 320 NGC4945        13 05 27.5 -49 28 06  13.34  3.6  mem      9.3   6 0                                                                 
 321 UGC8188        13 05 49.5  37 36 18  79.09  4.49 ceph    12.    9 1  1666  1666 GI1_047085_IC4182                                   
 322 UGC8201        13 06 24.8  67 42 25  49.36  4.57 trgb    12.8  10 1  1701  1701 NGA_DDO165                                          
 323 MCG-03-34-002  13 07 56.6 -16 41 21  46.00 10.2  v(flow) 14.8   4 1  1658  1658 GI4_095039_MCG_03_34_002                            
 324 UGC8215        13 08 03.6  46 49 41  70.03  4.55 trgb    16.08 10 0  1584  3105 GI1_047086_UGC08215                                 
 325 UGC8245        13 08 34.2  78 56 13  38.16  3.6  v(flow) 15.2  10 1  1549  1549 GI4_095026_UGC08245                                 
 326 NGC5023        13 12 12.1  44 02 20  72.58  5.4  bs      12.8   6 1  1586  4723 GI1_047087_NGC5023                                  
 327 CGCG217-018    13 12 51.8  40 32 35  75.87  8.2  v(flow) 15.1  10 1  1321  2901 GI4_095027_CGCG217_018                              
 328 UGC8308        13 13 22.7  46 19 13  70.32  4.19 trgb    15.54 10 0  1576  3105 GI1_047088_UGC08308                                 
 329 UGC8313        13 13 54.1  42 12 36  74.24  8.7  v(flow) 14.78  5 1  1655  1655 NGA_NGC5055                                         
 330 UGC8320        13 14 27.9  45 55 09  70.66  4.33 trgb    13.11 10 1  1576  3105 GI1_047088_UGC08308                                 
 331 UGC8331        13 15 30.3  47 29 56  69.09  8.2  bs      14.31 10 1  1628  2503 GI1_047090_UGC08331                                 
 332 NGC5055        13 15 49.2  42 01 49  74.29  7.5  v(flow)  9.31  4 1  1655  1655 NGA_NGC5055                                         
 333 NGC5068        13 18 54.6 -21 02 20  41.38  6.2  v(flow) 10.7   6 1  1601  4783 GI1_047091_NGC5068                                  
 334 NGC5102        13 21 57.6 -36 37 49  25.84  3.40 trgb    10.35 -3 0                                                                 
 335 NGC5128        13 25 27.6 -43 01 09  19.42  3.66 trgb     7.84 -2 0 20073 30429 NGA_Cen_A_Jet                                       
 336 IC4247         13 26 44.4 -30 21 45  31.89  4.97 trgb    14.6   2 1  1663  1663 GI4_095028_IC4247                                   
 337 ESO324-G024    13 27 37.3 -41 28 50  20.88  3.73 trgb    12.9  10 0   121   121 AISCHV4_471_45528                                   
 338 NGC5204        13 29 36.2  58 25 06  58.00  4.65 trgb    11.7   9 1  1488  1488 GI4_095029_NGC5204                                  
 339 NGC5194        13 29 52.7  47 11 43  68.56  8.0  mem      8.96  4 1  2520  2520 NGA_M51                                             
 340 NGC5195        13 29 58.7  47 16 05  68.49  8.0  sbf     10.45  2 1  2520  2520 NGA_M51                                             
 341 UGC8508        13 30 44.4  54 54 36  61.31  2.58 trgb    13.94 10 1                                                                 
 342 SBS1331+493    13 33 22.9  49 06 06  66.58  9.3  v(flow) 16.5  11 0                                                                 
 343 NGC5206        13 33 43.8 -48 09 04  14.12  3.6  mem     12.   -3 0                                                                 
 344 NGC5229        13 34 02.7  47 54 55  67.61  5.1  bs      14.18  7 1  2757  2757 GI1_047092_NGC5229                                  
 345 NGC5238        13 34 42.7  51 36 51  64.19  5.2  bs      13.60  8 1  1618  1618 GI1_047093_NGC5238                                  
 346 ESO270-G017    13 34 47.3 -45 32 51  16.66  8.9  tf      12.    4 0                                                                 
 347 [KK98]208      13 36 35.5 -29 34 17  32.28  4.68 trgb    14.30 -1 1 13361 13366 GI3_050007_NGC5236                                  
 348 NGC5236        13 37 00.8 -29 51 59  31.97  4.47 ceph     8.20  5 1 13361 13366 GI3_050007_NGC5236                                  
 349 ESO444-G084    13 37 20.1 -28 02 46  33.74  4.61 trgb    15.5  10 1  1571  6357 GI1_047094_ESO444_G084                              
 350 UGC8638        13 39 19.4  24 46 32  78.98  4.27 trgb    15.   10 1  1604  1604 GI1_047095_UGC08638                                 
 351 UGC8651        13 39 53.8  40 44 21  73.12  3.14 trgb    14.45 10 1  1690  1690 GI1_047096_UGC08651                                 
 352 NGC5253        13 39 55.9 -31 38 24  30.10  3.15 ceph    10.9  11 1  1657  1657 GI4_095049_NGC5253                                  
 353 IC4316         13 40 18.4 -28 53 32  32.77  4.40 trgb    14.6  10 0   217   217 AISCHV4_491_35380                                   
 354 NGC5264        13 41 36.9 -29 54 50  31.71  4.53 trgb    12.6   9 1  1878  1878 GI4_095030_NGC5264                                  
 355 UGC8683        13 42 32.4  39 39 30  73.58  9.6  v(flow) 15.6  10 0  2400  5044 GI1_047097_UGC08683                                 
 356 ESO325-G011    13 45 00.5 -41 51 40  19.91  3.40 trgb    14.0  10 0                                                                 
 357 ESO383-G087    13 49 17.8 -36 03 42  25.36  3.45 trgb    11.7   8 0                                                                 
 358 ESO383-G091    13 50 32.3 -37 17 20  24.10  3.6  mem     14.43  7 0   136   136 AISCHV4_466_45755                                   
 359 UGC8760        13 50 50.6  38 01 09  73.45  3.22 trgb    14.45 10 1  2425  2425 GI1_047098_UGC08760                                 
 360 UGC8837        13 54 45.7  53 54 03  60.80  8.3  bs      13.71 10 1                                                                 
 361 UGC8833        13 54 48.7  35 50 15  73.96  3.08 trgb    15.15 10 1  1234  2706 GI1_047099_UGC08833                                 
 362 ESO384-G016    13 57 01.5 -35 20 02  25.65  4.53 trgb    15.0  10 0   111   111 AISCHV4_351_45685                                   
 363 NGC5457        14 03 12.5  54 20 55  59.77  6.70 ceph     8.31  6 1  1040  1040 NGA_M101                                            
 364 NGC5408        14 03 21.0 -41 22 44  19.50  4.81 trgb    12.2  10 0                                                                 
 365 NGC5474        14 05 01.5  53 39 45  60.19  7.2  bs      11.82  6 1  1604  1604 NGA_NGC5474                                         
 366 NGC5477        14 05 33.1  54 27 39  59.49  7.7  bs      14.24  9 1  1040  1040 NGA_M101                                            
 367 KKR03          14 07 10.7  35 03 37  71.99  1.97 trgb    17.84 10 1  2090  2090 GI3_061004_KKR03                                    
 368 Circinus       14 13 09.3 -65 20 21  -3.81  2.8  tf      12.1   3 0                                                                 
 369 KUG1413+573    14 15 09.4  57 05 15  56.56  7.4  mem     16.10 10 0   108   108 AISCHV4_101_11865                                   
 370 UGC9128        14 15 56.5  23 03 19  70.46  2.21 trgb    14.46 10 1  1986  5293 GI4_016007_DDO187                                   
 371 SBS1415+437    14 17 01.4  43 30 05  66.20  9.5  v(flow) 18.   11 0   112   112 AISCHV3_109_01380                                   
 372 NGC5585        14 19 48.2  56 43 46  56.48  5.7  bs      11.2   7 1  2936  2936 GI4_095032_NGC5585                                  
 373 UGC9211        14 22 32.2  45 23 02  64.28 10.7  v(flow) 14.80 10 0    96    96 AISCHV4_105_10645                                   
 374 NGC5608        14 23 17.9  41 46 33  66.19 10.2  v(flow) 14.1  10 0   121   121 AISCHV3_109_01380                                   
 375 UGC9240        14 24 43.4  44 31 33  64.48  2.79 trgb    13.31 10 1  2737  4209 GI1_047101_UGC09240                                 
 376 UKS1424-460    14 28 03.7 -46 18 06  13.38  3.58 trgb    16.50 10 0                                                                 
 377 ESO222-G010    14 35 02.6 -49 25 14  10.05  5.4  v(flow) 16.33 10 0                                                                 
 378 UGC9405        14 35 24.4  57 15 19  54.71  8.0  bs      14.57 10 1  1523  1523 GI4_095033_UGC09405                                 
 379 MRK475         14 39 05.4  36 48 21  65.31  9.0  v(flow) 15.5  11 1  1932  3618 GI1_047102_MRK0475                                  
 380 ESO272-G025    14 43 25.5 -44 42 19  13.75  5.6  v(flow) 14.93  8 0                                                                 
 381 UGC9497        14 44 12.8  42 37 44  62.37 10.0  v(flow) 15.9   6 0   192   192 AISCHV4_110_10896                                   
 382 NGC5832        14 57 45.7  71 40 56  42.16  8.8  v(flow) 12.9   3 1  1432  1432 GI1_047103_NGC5832                                  
 383 ESO223-G009    15 01 08.7 -48 17 26   9.17  6.49 trgb    13.   10 0                                                                 
 384 UGC9660        15 01 09.3  44 41 53  58.73 10.2  v(flow) 14.2   4 0   198   198 AISCHV4_105_10892                                   
 385 ESO274-G001    15 14 13.6 -46 48 36   9.34  3.09 trgb    11.7   7 0                                                                 
 386 NGC5949        15 28 00.7  64 45 47  44.97  8.5  v(flow) 13.4   4 1  1578  3822 GI1_047104_NGC5949                                  
 387 UGC9893        15 32 57.3  46 27 10  52.90 10.9  v(flow) 15.    7 0  8379  8379 GI4_015005_IZW115                                   
 388 UGC9992        15 41 47.8  67 15 15  42.37  8.6  v(flow) 14.86 10 1  2239  3447 GI1_047105_UGC09992                                 
 389 LEDA100404     16 08 58.9  17 30 25  43.60  6.8  v(flow) 17.4   9 0                                                                 
 390 ESO137-G018    16 20 59.2 -60 29 16  -7.43  6.40 trgb    12.2   5 0                                                                 
 391 ESO179-IG013   16 47 20.0 -57 26 28  -7.90  9.0  v(flow) 15.    9 0                                                                 
 392 UGC10669       17 00 25.3  70 17 24  34.68  9.2  v(flow) 16.3  10 0   181   181 AISCHV4_002_09801                                   
 393 UGC10736       17 08 05.0  69 27 50  34.27  9.8  v(flow) 15.1   8 0  1561  1561 GI1_047106_UGC10736                                 
 394 IC4662         17 47 06.4 -64 38 25 -17.85  2.44 trgb    11.7  10 0   158   158 AISCHV4_476_43915                                   
 395 NGC6503        17 49 27.1  70 08 40  30.64  5.27 trgb    10.91  6 1  1597  4303 GI1_097010_NGC6503                                  
 396 ESO140-G019    18 22 46.4 -62 16 13 -20.61 10.8  v(flow) 16.8  10 0                                                                 
 397 IC4710         18 28 38.1 -66 58 54 -22.65  7.7  v(flow) 12.5   9 0                                                                 
 398 NGC6689        18 34 50.1  70 31 27  26.83  9.8  v(flow) 13.1   6 0                                                                 
 399 ESO104-G022    18 55 41.2 -64 48 39 -24.81  8.7  v(flow) 15.5  10 0                                                                 
 400 NGC6744        19 09 46.2 -63 51 25 -26.14  9.4  v(flow)  9.1   4 0  1290  1290 LGAL_NGC6744n                                       
 401 ESO104-G044    19 11 23.1 -64 13 09 -26.38  8.4  v(flow) 14.9   9 0  1290  1290 LGAL_NGC6744n                                       
 402 NGC6789        19 16 41.9  63 58 18  21.52  3.60 trgb    14.   10 0  1403  1403 NGA_NGC6789                                         
 403 ESO594-G004    19 29 59.0 -17 40 41 -16.29  1.04 trgb    13.99 10 0  2898  2898 GI4_016010_SAGDIG                                   
 404 IC4870         19 37 37.6 -65 48 43 -29.27  9.9  v(flow) 14.4  10 0   216   216 AISCHV4_373_44415                                   
 405 NGC6822        19 44 56.6 -14 47 21 -18.40  0.50 ceph     9.31 10 0  4590  6132 NGA_NGC6822                                         
 406 IC4951         20 09 31.2 -61 50 47 -32.84  9.3  v(flow) 13.9   8 1  2401  2401 GI4_095050_IC4951                                   
 407 UGC11583       20 30 15.3  60 26 25  12.31  5.9  bs      15.70 10 0                                                                 
 408 LEDA166192     20 30 32.9  60 21 17  12.23  5.9  bs      16.50  8 0                                                                 
 409 LEDA166193     20 31 32.0  60 48 44  12.39  5.9  bs      16.70 10 0                                                                 
 410 NGC6946        20 34 52.3  60 09 14  11.67  5.9  bs       9.61  6 0   885   885 UVX_NGC6946                                         
 411 KKR55          20 45 20.8  60 24 40  10.78  5.9  bs      18.   10 0                                                                 
 412 DDO210         20 46 51.8 -12 50 53 -31.34  0.94 trgb    14.1  10 1  1695  1695 GI1_047107_DDO210                                   
 413 KKR56          20 48 24.1  58 37 06   9.37  5.9  bs      17.60 10 0                                                                 
 414 CEPHEUS1       20 51 10.6  56 53 25   8.01  5.9  mem     15.40 10 0                                                                 
 415 IC5052         20 52 06.3 -69 12 13 -35.81  5.9  v(flow) 11.8   7 1  2666  2666 GI4_095045_IC5052                                   
 416 KKR59          21 03 24.2  57 17 14   6.99  5.9  bs      15.70 10 0                                                                 
 417 KKR60          21 05 51.3  57 12 32   6.69  5.9  mem     18.00 10 0                                                                 
 418 NGC7064        21 29 03.0 -52 46 03 -44.82  9.9  v(flow) 13.1   5 1  1971  1971 GI1_047108_NGC7064                                  
 419 NGC7090        21 36 28.6 -54 33 24 -45.38 10.4  v(flow) 11.3   5 1  3010  3091 GI1_047109_NGC7090                                  
 420 IC5152         22 02 41.9 -51 17 44 -50.19  1.97 trgb    10.7  10 1  4076  4077 GI4_095034_IC5152                                   
 421 UGC11891       22 03 33.9  43 44 57  -9.36 10.8  v(flow) 15.3  10 0                                                                 
 422 ESO238-G005    22 22 30.0 -48 24 18 -54.24  8.9  v(flow) 15.60 10 0  2418  2418 GI1_047110_ESO238_G005                              
 423 IC5256         22 49 45.8 -68 41 26 -44.73 10.8  v(flow) 14.6   8 1  1856  1856 GI4_095040_IC5256                                   
 424 NGC7640        23 22 06.6  40 50 43 -18.94  8.9  v(flow) 11.9   5 0                                                                 
 425 UGC12588       23 24 42.4  41 20 48 -18.64  9.5  v(flow) 14.4   8 0                                                                 
 426 UGCA438        23 26 27.5 -32 23 20 -70.86  2.18 trgb    14.7  10 1  1693  1693 NGA_UGCA438                                         
 427 ESO347-G017    23 26 56.0 -37 20 49 -69.49  9.4  v(flow) 14.41  9 1  2252  2252 GI4_095035_ESO347_G017                              
 428 UGC12613       23 28 36.2  14 44 35 -43.55  0.76 trgb    12.5  10 1  1576  2932 MISDR2_28664_0746                                   
 429 UGC12632       23 29 58.7  40 59 25 -19.31  9.6  v(flow) 12.8   9 0   196   196 AISCHV3_037_08795                                   
 430 IC5332         23 34 27.4 -36 06 05 -71.37  9.5  v(flow) 11.2   7 1  2646  2646 GI4_095036_IC5332                                   
 431 NGC7713        23 36 15.4 -37 56 19 -70.88  9.3  v(flow) 11.5   7 1                                                                 
 432 UGC12713       23 38 14.4  30 42 29 -29.58  7.7  v(flow) 14.91  0 0  2896  2896 GI3_089016_MRK328                                   
 433 UGCA442        23 43 45.5 -31 57 22 -74.53  4.27 trgb    13.6   9 1   871   871 GI4_095037_UGCA442                                  
 434 ESO348-G009    23 49 23.5 -37 46 19 -73.17  8.6  v(flow) 17.   10 0  2534  4032 GI1_047111_ESO348_G009                              
 435 ESO149-G003    23 52 02.8 -52 34 40 -62.24  6.4  tf      15.0  10 1  1563  1622 GI1_047112_ESO149_G003                              
 436 NGC7793        23 57 49.7 -32 35 30 -77.17  3.91 trgb     9.63  7 1  1552  1552 NGA_NGC7793                                         
   1 ESO410-G005    00 15 31.4  32 10 47 -80.71  2.01 trgb    14.95 -1 1  1501  1501 GI3_061005_ESO410_G005                              
   2 SCULPTOR-DE1   00 23 51.7 -24 42 18 -83.34  4.19 trgb    17.8  -3 1  1584  1584 GI3_061022_SculptordE1                              
   3 ESO294-G010    00 26 33.4 -41 51 19 -74.42  1.94 trgb    15.52 -3 1  2703  2703 GI3_061006_ESO294_G010                              
   4 ESO540-G030    00 49 20.9 -18 04 32 -80.93  3.33 trgb    16.46 -1 1  1656  1656 GI3_061012_ESO540_G030                              
   5 ESO540-G032    00 50 24.3 -19 54 24 -82.77  3.54 trgb    16.6  -3 1  1247  1247 GI3_061014_ESO540_G032                              
   6 UGC521         00 51 12.2  12 01 31 -50.85 11.3  v(flow) 15.31 10 1  1613  1613 GI1_078003_UGC00521                                 
   7 NGC0404        01 09 27.0  35 43 04 -27.01  3.05 trgb    11.51 -1 1  2472  2472 NGA_NGC0404_CEN                                     
   8 IC2049         04 12 04.3 -58 33 25 -43.35 16.7  v(flow) 15.19  7 1  2602  2603 GI1_047025_IC2049                                   
   9 UGCA133        07 34 11.4  66 53 10  28.96  3.10 trgb    15.80 -3 1  1696  1696 GI3_061009_UGCA133                                  
  10 F8D1           09 44 47.1  67 26 19  40.95  3.66 trgb    16.14 -3 1  1693  1693 GI3_061016_KK77                                     
  11 FM2000_1       09 45 10.0  68 45 54  40.29  3.53 trgb    17.80 -3 1 17206 18110 GI2_024002_NGC2976_stream                           
  12 LEDA166101     09 50 10.5  67 30 24  41.36  3.55 trgb    16.94 -3 1  1693  1693 GI3_061016_KK77                                     
  13 ARPSLOOP       09 57 32.6  69 17 00  40.92  3.78 trgb    16.8  10 1  3075  3075 NGA_M81andM82                                       
  14 KKH057         10 00 15.9  63 11 06  44.55  3.90 trgb    17.95 -3 1  1694  1694 MISDR1_00432_0487                                   
  15 AM1001-270     10 04 03.9 -27 19 55  22.31  1.29 trgb    16.51 10 1 11735 15032 NGA_Antlia_Dw                                       
  16 BK05N          10 04 41.1  68 15 22  42.05  3.49 trgb    17.77 -3 1  3391  3391 GI3_061018_UGC05442                                 
  17 UGC05442       10 07 01.9  67 49 39  42.48  3.72 trgb    15.78 -3 1  3391  3391 GI3_061018_UGC05442                                 
  18 IKN            10 08 05.9  68 23 57  42.21  3.61 trgb    17.31 -3 1  1699  1699 NGA_NGC3077                                         
  19 HS98_117       10 21 25.2  71 06 51  41.30  3.82 trgb    17.01 10 1   101   101 AISCHV4_118_00227                                   
  20 DDO078         10 26 27.4  67 39 16  43.00  3.66 trgb    15.8  -3 1   138   138 AISCHV4_118_00227                                   
  21 BK06N          10 34 29.8  66 00 30  45.70  3.80 trgb    16.85 -3 1  1508  1508 GI3_061020_BK06N                                    
  22 UGC6782        11 48 57.2  23 50 16  75.53 14.0  bs      15.07  9 1  2304  4756 GI1_047052_UGC06782                                 
  23 ESO321-G014    12 13 49.6 -38 13 53  24.05  3.18 trgb    15.6  10 1  1485  1485 GI3_061010_ESO321_G014                              
  24 UGC7321        12 17 33.8  22 32 26  81.05 20.0  tf      14.15  7 1  1670  2802 GI4_095024_UGC07321                                 
  25 KKH086         13 54 33.5  04 14 35  62.60  2.59 trgb    16.99 10 1  1675  1675 GI3_061008_kkh086                                   
  26 KKR25          16 13 47.9  54 22 16  44.41  1.93 trgb    16.5  -1 1  1548  1548 MISDR1_10449_0621                                   
  27 KKH098         23 45 34.0  38 43 04 -22.37  2.54 trgb    17.22 10 1  2493  2493 GI3_061007_kkh098                                                        
