ID SDSS IDNUM RAJ2000 DEJ2000 Dist(Mpc)
1	SDSS J131616.82+252418.7	0	199.070117	+25.405219	0.01294	55.9720
2	SDSS J131453.43+270029.2	1	198.722639	+27.008122	0.01544	66.9126
3	SDSS J131526.03+330926.0	2	198.858476	+33.157243	0.01624	70.4222
4	SDSS J125606.09+274041.1	3	194.025406	+27.678102	0.01648	71.4759
5	SDSS J132134.91+261816.8	4	200.395485	+26.304666	0.01652	71.6516
6	SDSS J091728.99-003714.1	5	139.370821	-00.620583	0.01658	71.9151
7	SDSS J132320.14+320349.0	6	200.833956	+32.063614	0.01672	72.5300
8	SDSS J132051.75+312159.8	7	200.215627	+31.366615	0.01684	73.0572
9	SDSS J091642.17+001220.0	8	139.175748	+00.205565	0.01686	73.1450
10	SDSS J131547.11+315047.1	9	198.946297	+31.846422	0.01698	73.6723
11	SDSS J091750.80-001642.5	10	139.461683	-00.278478	0.01748	75.8704
12	SDSS J131020.14+322859.4	11	197.583921	+32.483192	0.01756	76.2222
13	SDSS J132251.07+314934.3	12	200.712807	+31.826221	0.01782	77.3660
14	SDSS J114253.92+000942.7	13	175.724698	+00.161868	0.01847	80.2273
15	SDSS J131721.28+310334.1	14	199.338706	+31.059485	0.01857	80.6677
16	SDSS J090655.44-000152.7	15	136.731026	-00.031306	0.01865	81.0201
17	SDSS J131620.53+304042.0	16	199.085559	+30.678337	0.01889	82.0776
18	SDSS J130305.93+263152.0	145	195.774732	+26.531131	0.01913	83.1355
19	SDSS J130802.57+271840.0	17	197.010721	+27.311127	0.01959	85.1640
20	SDSS J120803.96+004151.2	18	182.016508	+00.697576	0.01967	85.5170
21	SDSS J130316.24+280149.4	20	195.817685	+28.030404	0.02032	88.3861
22	SDSS J131258.27+311531.0	21	198.242817	+31.258617	0.02037	88.6069
23	SDSS J130926.35+282457.0	185	197.359805	+28.415857	0.02065	89.8438
24	SDSS J120018.00+001741.9	23	180.075007	+00.294986	0.02066	89.8880
25	SDSS J121520.15-002352.9	24	183.833969	-00.398050	0.02079	90.4624
26	SDSS J130636.39+275222.6	25	196.651636	+27.872951	0.02094	91.1254
27	SDSS J130916.08+292203.5	26	197.317016	+29.367651	0.02094	91.1254
28	SDSS J121552.50+002402.5	27	183.968749	+00.400698	0.02104	91.5675
29	SDSS J131047.64+294235.6	28	197.698525	+29.709901	0.02120	92.2749
30	SDSS J115846.24-012757.0	29	179.692678	-01.465839	0.02137	93.0267
31	SDSS J130558.70+252756.4	30	196.494603	+25.465687	0.02177	94.7964
32	SDSS J131502.15+280210.9	31	198.758959	+28.036362	0.02179	94.8849
33	SDSS J130329.08+263301.7	22	195.871173	+26.550498	0.02210	96.2572
34	SDSS J132359.95+305556.7	183	200.999804	+30.932421	0.02228	97.0543
35	SDSS J125809.99+242056.1	32	194.541638	+24.348926	0.02261	98.5162
36	SDSS J130945.77+283716.3	33	197.440708	+28.621208	0.02262	98.5605
37	SDSS J132703.18+305836.6	34	201.763274	+30.976845	0.02266	98.7378
38	SDSS J131958.31+281449.3	35	199.992987	+28.247041	0.02270	98.9150
39	SDSS J130851.54+283745.4	36	197.214773	+28.629285	0.02273	99.0480
40	SDSS J132035.40+340821.7	186	200.147526	+34.139376	0.02306	100.5108
41	SDSS J131940.07+274221.7	160	199.916972	+27.706052	0.02313	100.8212
42	SDSS J131508.21+302413.5	37	198.784232	+30.403771	0.02315	100.9099
43	SDSS J131928.01+274456.2	38	199.866709	+27.748969	0.02324	101.3090
44	SDSS J132638.85+270223.4	39	201.661873	+27.039839	0.02327	101.4421
45	SDSS J131745.18+273411.5	40	199.438267	+27.569866	0.02329	101.5308
46	SDSS J130617.29+290347.4	41	196.572063	+29.063178	0.02338	101.9300
47	SDSS J132643.48+303024.0	42	201.681173	+30.506681	0.02360	102.9061
48	SDSS J133457.27+340238.7	43	203.738642	+34.044084	0.02365	103.1280
49	SDSS J130143.37+290240.7	44	195.430723	+29.044658	0.02373	103.4830
50	SDSS J130831.57+244202.7	45	197.131579	+24.700764	0.02376	103.6162
51	SDSS J130636.39+252546.6	46	196.651649	+25.429626	0.02396	104.5040
52	SDSS J125805.58+281433.3	47	194.523282	+28.242591	0.02399	104.6372
53	SDSS J132145.44+311414.0	48	200.439359	+31.237242	0.02409	105.0813
54	SDSS J125731.20+263043.7	49	194.380024	+26.512154	0.02413	105.2589
55	SDSS J132507.36+255053.3	50	201.280688	+25.848158	0.02413	105.2589
56	SDSS J130615.12+252737.9	51	196.563007	+25.460539	0.02416	105.3921
57	SDSS J125440.02+322201.2	52	193.666765	+32.367022	0.02417	105.4365
58	SDSS J132917.28+264718.6	53	202.322031	+26.788506	0.02417	105.4365
59	SDSS J130039.55+290109.8	54	195.164792	+29.019407	0.02425	105.7918
60	SDSS J131101.71+293442.0	55	197.757135	+29.578357	0.02426	105.8362
61	SDSS J133316.29+343213.2	56	203.317880	+34.537002	0.02434	106.1916
62	SDSS J130713.20+280249.0	57	196.805015	+28.046947	0.02435	106.2360
63	SDSS J133531.23+340907.7	58	203.880138	+34.152139	0.02436	106.2804
64	SDSS J133129.97+325258.3	59	202.874896	+32.882879	0.02449	106.8580
65	SDSS J092143.23+024127.1	60	140.430129	+02.690873	0.02459	107.3024
66	SDSS J125453.68+282501.1	61	193.723678	+28.416977	0.02461	107.3912
67	SDSS J133013.64+262021.8	62	202.556844	+26.339391	0.02465	107.5690
68	SDSS J132804.03+333535.5	63	202.016808	+33.593198	0.02466	107.6134
69	SDSS J125818.62+271838.9	64	194.577616	+27.310822	0.02472	107.8801
70	SDSS J132202.09+311642.1	65	200.508737	+31.278382	0.02481	108.2802
71	SDSS J131432.45+304220.8	66	198.635228	+30.705784	0.02491	108.7247
72	SDSS J133619.63+332524.3	67	204.081827	+33.423438	0.02493	108.8137
73	SDSS J133306.57+330903.7	68	203.277383	+33.151051	0.02496	108.9470
74	SDSS J133303.09+343301.3	69	203.262898	+34.550381	0.02497	108.9915
75	SDSS J133238.95+252628.2	70	203.162318	+25.441171	0.02505	109.3472
76	SDSS J141658.36+013825.5	71	214.243189	+01.640432	0.02506	109.3917
77	SDSS J133451.23+340319.8	180	203.713482	+34.055519	0.02509	109.5251
78	SDSS J125809.22+284230.8	152	194.538441	+28.708561	0.02537	110.7705
79	SDSS J130037.86+280328.6	72	195.157753	+28.057967	0.02553	111.4824
80	SDSS J122337.49-002821.3	73	185.906210	-00.472588	0.02554	111.5269
81	SDSS J125837.28+271035.8	74	194.655342	+27.176613	0.02557	111.6605
82	SDSS J133538.40+255230.9	75	203.910036	+25.875259	0.02562	111.8830
83	SDSS J125835.18+273547.0	76	194.646608	+27.596408	0.02564	111.9720
84	SDSS J132856.70+325244.0	77	202.236268	+32.878888	0.02564	111.9720
85	SDSS J141330.00+001109.0	78	213.375002	+00.185844	0.02574	112.4171
86	SDSS J134018.24+320911.2	79	205.076024	+32.153136	0.02578	112.5951
87	SDSS J084325.99+025420.9	80	130.858324	+02.905821	0.02605	113.7973
88	SDSS J133845.88+302849.5	173	204.691173	+30.480433	0.02607	113.8864
89	SDSS J133514.79+250241.1	81	203.811659	+25.044749	0.02609	113.9754
90	SDSS J142653.06+005746.3	82	216.721118	+00.962874	0.02617	114.3317
91	SDSS J132838.16+333618.3	83	202.159035	+33.605109	0.02625	114.6881
92	SDSS J125818.23+290743.6	19	194.575995	+29.128783	0.02633	115.0445
93	SDSS J125810.06+320059.4	84	194.541933	+32.016518	0.02656	116.0693
94	SDSS J132323.00+334326.3	85	200.845852	+33.723991	0.02674	116.8716
95	SDSS J134051.15+242823.8	86	205.213157	+24.473293	0.02704	118.2092
96	SDSS J085408.51+002954.8	88	133.535472	+00.498567	0.02821	123.4314
97	SDSS J085747.31-001159.8	89	134.447161	-00.199955	0.02821	123.4314
98	SDSS J133944.15+274635.2	90	204.933959	+27.776456	0.02821	123.4314
99	SDSS J114522.07-013354.5	91	176.341988	-01.565164	0.02835	124.0569
100	SDSS J134017.95+262058.3	92	205.074829	+26.349554	0.02840	124.2803
101	SDSS J114359.62+002540.7	93	175.998435	+00.427994	0.02868	125.5318
102	SDSS J131804.10+335118.2	94	199.517084	+33.855077	0.02871	125.6659
103	SDSS J134145.21+270016.9	87	205.438399	+27.004709	0.02894	126.6942
104	SDSS J125610.97+280947.4	149	194.045738	+28.163169	0.02900	126.9626
105	SDSS J131958.56+340209.8	95	199.994007	+34.036069	0.02912	127.4993
106	SDSS J130125.07+284038.0	163	195.354480	+28.677225	0.02915	127.6335
107	SDSS J084648.77+001812.6	96	131.703214	+00.303512	0.02918	127.7677
108	SDSS J143245.52+015238.8	97	218.189683	+01.877469	0.02978	130.4529
109	SDSS J130855.07+290226.7	98	197.229465	+29.040753	0.03138	137.6249
110	SDSS J131700.03+340605.9	99	199.250137	+34.101662	0.03139	137.6697
111	SDSS J125902.07+280656.3	100	194.758627	+28.115665	0.03141	137.7595
112	SDSS J142227.60+000332.5	101	215.615035	+00.059047	0.03167	138.9265
113	SDSS J131437.78+275044.0	103	198.657419	+27.845567	0.03273	143.6889
114	SDSS J130804.16+340027.3	104	197.017352	+34.007592	0.03317	145.6679
115	SDSS J132122.24+255703.6	105	200.342698	+25.951018	0.03345	146.9279
116	SDSS J143842.98-000027.8	106	219.679111	-00.007748	0.03369	148.0083
117	SDSS J133947.34+300725.7	107	204.947273	+30.123825	0.03372	148.1434
118	SDSS J143042.33+015253.2	108	217.676379	+01.881447	0.03380	148.5036
119	SDSS J144307.78+010600.0	109	220.782444	+01.100021	0.03383	148.6387
120	SDSS J131239.04+340354.5	110	198.162676	+34.065152	0.03404	149.5845
121	SDSS J130801.65+264555.3	111	197.006892	+26.765377	0.03406	149.6747
122	SDSS J132619.34+261440.0	112	201.580590	+26.244459	0.03409	149.8098
123	SDSS J132151.16+322612.6	113	200.463201	+32.436846	0.03426	150.5757
124	SDSS J133933.35+295949.4	114	204.888956	+29.997077	0.03446	151.4771
125	SDSS J130856.37+282409.4	115	197.234887	+28.402620	0.03457	151.9729
126	SDSS J130919.67+343451.4	116	197.331976	+34.580954	0.03462	152.1983
127	SDSS J134140.38+255326.9	117	205.418286	+25.890815	0.03467	152.4238
128	SDSS J134308.83+302015.8	118	205.786813	+30.337732	0.03474	152.7394
129	SDSS J134229.72+341303.4	119	205.623844	+34.217636	0.03479	152.9649
130	SDSS J131901.33+275330.1	120	199.755549	+27.891702	0.03484	153.1903
131	SDSS J121017.87-003104.4	121	182.574492	-00.517903	0.03487	153.3256
132	SDSS J131313.45+335903.9	122	198.306065	+33.984434	0.03513	154.4984
133	SDSS J133213.68+265659.9	191	203.057038	+26.949977	0.03529	155.2204
134	SDSS J132616.00+333540.8	123	201.566686	+33.594668	0.03552	156.2584
135	SDSS J132731.45+342008.2	124	201.881049	+34.335611	0.03563	156.7550
136	SDSS J132156.64+285039.4	125	200.486002	+28.844302	0.03574	157.2517
137	SDSS J115950.68-012255.0	126	179.961198	-01.381950	0.03579	157.4775
138	SDSS J132240.39+325322.7	127	200.668302	+32.889648	0.03589	157.9291
139	SDSS J130428.23+264019.0	128	196.117638	+26.671962	0.03595	158.2001
140	SDSS J115736.61+010826.7	129	179.402561	+01.140775	0.03620	159.3295
141	SDSS J133931.82+312657.8	130	204.882614	+31.449412	0.03628	159.6910
142	SDSS J133334.94+294921.0	131	203.395612	+29.822522	0.03646	160.5045
143	SDSS J133724.84+272509.1	132	204.353504	+27.419214	0.03656	160.9566
144	SDSS J133917.44+280205.9	133	204.822682	+28.034982	0.03666	161.4087
145	SDSS J132732.44+273614.0	134	201.885169	+27.603890	0.03670	161.5895
146	SDSS J132708.67+281544.2	135	201.786145	+28.262278	0.03689	162.4488
147	SDSS J143816.50-002059.0	136	219.568771	-00.349745	0.03690	162.4940
148	SDSS J143643.42-003401.3	137	219.180928	-00.567049	0.03699	162.9011
149	SDSS J130014.45+271650.6	138	195.060211	+27.280727	0.03704	163.1273
150	SDSS J132237.71+321439.4	139	200.657123	+32.244292	0.03709	163.3535
151	SDSS J132609.41+264612.2	140	201.539209	+26.770066	0.03714	163.5797
152	SDSS J132608.93+262837.7	141	201.537215	+26.477160	0.03715	163.6249
153	SDSS J132957.76+303831.4	142	202.490689	+30.642056	0.03727	164.1679
154	SDSS J132657.33+261434.4	143	201.738906	+26.242889	0.03742	164.8468
155	SDSS J131745.65+271302.4	144	199.440219	+27.217337	0.03761	165.7069
156	SDSS J131141.24+262323.5	146	197.921863	+26.389861	0.03806	167.7449
157	SDSS J144322.25+010553.2	147	220.842738	+01.098119	0.03814	168.1073
158	SDSS J131551.16+263320.4	148	198.963166	+26.555677	0.03824	168.5604
159	SDSS J132800.24+315216.4	150	202.001031	+31.871239	0.03857	170.0562
160	SDSS J142433.17+011038.3	151	216.138223	+01.177318	0.03878	171.0083
161	SDSS J132115.52+333732.0	153	200.314674	+33.625572	0.03886	171.3712
162	SDSS J115705.93+010731.8	154	179.274744	+01.125520	0.03955	174.5021
163	SDSS J121948.26-005231.6	155	184.951095	-00.875445	0.03960	174.7291
164	SDSS J132443.68+323225.0	156	201.182003	+32.540287	0.03978	175.5464
165	SDSS J132515.15+324016.1	157	201.313155	+32.671138	0.03984	175.8189
166	SDSS J134113.58+302327.4	158	205.306591	+30.390960	0.03998	176.4548
167	SDSS J132509.71+320051.9	159	201.290462	+32.014417	0.04023	177.5907
168	SDSS J120446.29-000055.3	161	181.192874	-00.015384	0.04043	178.4996
169	SDSS J114103.60+014331.7	162	175.265029	+01.725497	0.04060	179.2724
170	SDSS J090045.90-002937.2	164	135.191278	-00.493692	0.04080	180.1818
171	SDSS J085337.44+004409.6	165	133.406018	+00.736021	0.04094	180.8186
172	SDSS J133556.75+264239.8	166	203.986477	+26.711059	0.04136	182.7296
173	SDSS J085547.66+004739.4	167	133.948594	+00.794284	0.04148	183.2758
174	SDSS J085043.08+012102.4	168	132.679516	+01.350688	0.04261	188.4237
175	SDSS J084532.01+011736.2	169	131.383381	+01.293412	0.04398	194.6758
176	SDSS J133412.86+233833.2	170	203.553617	+23.642568	0.04411	195.2697
177	SDSS J144256.63-004839.0	171	220.735977	-00.810837	0.04499	199.2926
178	SDSS J125634.64+262718.6	172	194.144341	+26.455179	0.04531	200.7567
179	SDSS J084742.49+004056.0	174	131.927049	+00.682247	0.04541	201.2143
180	SDSS J133216.55+261614.1	175	203.068961	+26.270607	0.04600	203.9158
181	SDSS J133541.90+235603.0	176	203.924608	+23.934188	0.04611	204.4198
182	SDSS J132558.80+330043.1	177	201.495006	+33.011977	0.04642	205.8403
183	SDSS J132912.24+294934.9	178	202.301019	+29.826367	0.04644	205.9320
184	SDSS J132014.23+312132.1	179	200.059326	+31.358917	0.04650	206.2070
185	SDSS J115104.55+001454.2	181	177.768969	+00.248408	0.04699	208.4538
186	SDSS J113725.46-014714.3	182	174.356092	-01.787311	0.04700	208.4997
187	SDSS J115723.03+002913.9	184	179.345971	+00.487214	0.04732	209.9678
188	SDSS J132352.51+310134.8	102	200.968796	+31.026337	0.04762	211.3449
189	SDSS J141628.95-004437.9	187	214.120630	-00.743875	0.04874	216.4906
190	SDSS J131040.48+321341.7	188	197.668685	+32.228256	0.04891	217.2724
191	SDSS J131615.95+301552.2	189	199.066470	+30.264521	0.04919	218.5603
192	SDSS J141605.26-011537.3	190	214.021927	-01.260378	0.04987	221.6904
193	SDSS J130850.46+320953.7	192	197.210252	+32.164931	0.04998	222.1969

"""

