_RAJ2000	_DEJ2000	Cl	Name	PGC	UGC	Dist	VMag	Rad	Rd	E(B-V)	logSFR1	logSFR2	[O/H]	Factor	Flux	MHI	PA	b/a	i	SimbadName	NED	LEDA	_RA	_DE
deg	deg	 	 	 	 	Mpc	mag	arcmin	kpc	mag	[Msun/yr/kpc2]	[Msun/yr/kpc2]	[-]	 	[Jy.m/s]	[Msun]	deg	 	deg	 	 	 	deg	deg
-----------	-----------	---	---------	-----	-----	----	-----	-----	-----	-----	-----	-----	----	-------	-----	-----	-----	-----	----	----------	---	----	---------	---------
189.6675000	+32.7611111	Im 	CVn I dwA	     	     	 3.6	-12.4	 0.87	 0.57	 0.01	-2.58	-2.48	 7.3	  52.98	 5.95	 7.67	 80.0	 0.78	41.0	UGCA 292  	NED	LEDA	189.66750	+32.76111
112.0741667	+40.7702778	Im 	DDO 43   	21073	 3860	 7.8	-15.1	 0.89	 0.41	 0.05	-1.78	-1.55	 8.3	 595.15	 5.45	 8.23	  6.5	 0.70	48.5	DDO 43    	NED	LEDA	112.07417	+40.77028
115.3608333	+40.1108333	Im 	DDO 46   	21585	 3966	 6.1	-14.7	     	 1.14	 0.05	-2.89	-2.46	 8.1	 530.30	 5.55	 8.27	 84.0	 0.89	28.6	DDO 46    	NED	LEDA	115.36083	+40.11083
115.4804167	+16.8022222	Im 	DDO 47   	21600	 3974	 5.2	-15.5	 2.24	 1.37	 0.02	-2.70	-2.40	 7.8	 134.65	 6.46	 8.59	-70.0	 0.51	64.4	DDO 47    	NED	LEDA	115.48042	+16.80222
124.7862500	+70.7236111	Im 	DDO 50   	23324	 4305	 3.4	-16.6	 3.97	 1.10	 0.02	-1.67	-1.55	 7.7	 125.49	 6.75	 8.85	 18.0	 0.72	46.7	DDO 50    	NED	LEDA	124.78625	+70.72361
127.1187500	+41.8558333	Im 	DDO 52   	23769	 4426	10.3	-15.4	 1.08	 1.30	 0.03	-3.20	-2.43	 7.7	1404.03	 5.28	 8.43	  5.0	 0.67	51.1	DDO 52    	NED	LEDA	127.11875	+41.85583
128.5333333	+66.1769444	Im 	DDO 53   	24050	 4459	 3.6	-13.8	 1.37	 0.72	 0.03	-2.42	-2.41	 7.6	 169.40	 5.49	 7.72	 81.0	 0.51	64.4	DDO 53    	NED	LEDA	128.53333	+66.17694
145.1266667	+71.1838889	Im 	DDO 63   	27605	 5139	 3.9	-14.8	 2.17	 0.68	 0.01	-2.32	-1.95	 7.6	 152.10	 6.01	 8.19	  0.0	 1.00	 0.0	DDO 63    	NED	LEDA	145.12667	+71.18389
149.8541667	+30.7450000	Im 	DDO 69   	28868	 5364	 0.8	-11.7	 2.40	 0.19	 0.00	-2.83	-2.22	 7.4	   9.66	 5.86	 6.84	-64.0	 0.56	60.3	DDO 69    	NED	LEDA	149.85417	+30.74500
150.0037500	+05.3305556	Im 	DDO 70   	28913	 5373	 1.3	-14.1	 3.71	 0.48	 0.01	-2.85	-2.16	 7.5	   4.35	 6.97	 7.61	 88.0	 0.59	57.8	DDO 70    	NED	LEDA	150.00375	+05.33056
152.7466667	-04.6988889	Im 	DDO 75   	29653	     	 1.3	-13.9	 3.09	 0.22	 0.02	-1.28	-1.07	 7.5	  16.28	 6.65	 7.86	 41.0	 0.85	33.5	DDO 75    	NED	LEDA	152.74667	-04.69889
162.3945833	+65.5294444	Im 	DDO 87   	32405	 5918	 7.7	-15.0	 1.15	 1.31	 0.00	-1.36	-1.00	 7.8	 592.62	 5.62	 8.39	 76.5	 0.58	58.6	DDO 87    	NED	LEDA	162.39458	+65.52944
178.9141667	+31.5188889	Im 	DDO 101  	37449	 6900	 6.4	-15.0	 1.05	 0.94	 0.01	-2.85	-2.81	 8.7	 331.75	 4.84	 7.36	-69.0	 0.69	49.4	DDO 101   	NED	LEDA	178.91417	+31.51889
186.7770833	+37.1397222	Im 	DDO 126  	40791	 7559	 4.9	-14.9	 1.76	 0.87	 0.00	-2.37	-2.10	 7.8	 293.50	 5.69	 8.16	-41.0	 0.47	67.7	DDO 126   	NED	LEDA	186.77708	+37.13972
188.2308333	+31.5372222	Im 	DDO 133  	41636	 7698	 3.5	-14.8	 2.33	 1.24	 0.00	-2.88	-2.62	 8.2	  43.13	 6.39	 8.02	 -6.0	 0.69	49.4	DDO 133   	NED	LEDA	188.23083	+31.53722
193.5258333	+27.1505556	Im 	DDO 154  	43869	 8024	 3.7	-14.2	 1.55	 0.59	 0.01	-2.50	-1.93	 7.5	 129.01	 6.35	 8.46	 46.0	 0.50	65.2	DDO 154   	NED	LEDA	193.52583	+27.15056
194.6658333	+14.2194444	Im 	DDO 155  	44491	 8091	 2.2	-12.5	 0.95	 0.15	 0.01	-1.44	     	 7.7	  19.85	 5.70	 7.00	 51.0	 0.71	47.6	DDO 155   	NED	LEDA	194.66583	+14.21944
196.6054167	+67.7069444	Im 	DDO 165  	45372	 8201	 4.6	-15.6	 2.14	 2.26	 0.01	-3.67	     	 7.6	 131.87	 6.01	 8.13	 89.0	 0.54	61.9	DDO 165   	NED	LEDA	196.60542	+67.70694
198.3454167	+46.3197222	Im 	DDO 167  	45939	 8308	 4.2	-13.0	 0.75	 0.33	 0.00	-2.36	-1.83	 7.7	 215.81	 4.84	 7.17	-23.0	 0.65	52.8	DDO 167   	NED	LEDA	198.34542	+46.31972
198.6133333	+45.9294444	Im 	DDO 168  	46039	 8320	 4.3	-15.7	 2.32	 0.82	 0.00	-2.27	-2.04	 8.3	 191.09	 6.17	 8.47	-24.5	 0.63	54.5	DDO 168   	NED	LEDA	198.61333	+45.92944
213.9862500	+23.0552778	Im 	DDO 187  	50961	 9128	 2.2	-12.7	 1.06	 0.18	 0.00	-2.52	-1.98	 7.7	  66.04	 5.30	 7.12	 37.0	 0.80	39.0	DDO 187   	NED	LEDA	213.98625	+23.05528
311.7166667	-12.8475000	Im 	DDO 210  	65367	     	 0.9	-10.9	 1.31	 0.17	 0.03	     	-2.71	 7.2	   3.79	 5.72	 6.30	-85.0	 0.48	66.9	DDO 210   	NED	LEDA	311.71667	-12.84750
352.1458333	+14.7416667	Im 	DDO 216  	71538	12613	 1.1	-13.7	 4.00	 0.54	 0.02	-4.10	-3.21	 7.9	  12.41	 5.65	 6.75	-58.0	 0.45	69.4	DDO 216   	NED	LEDA	352.14583	+14.74167
135.7245833	+20.0747222	Im 	F564-V3  	     	     	 8.7	-14.0	     	 0.53	 0.02	     	-2.79	 7.6	 351.11	 5.07	 7.61	  8.5	 0.83	35.8	LEDA 86668	NED	LEDA	135.72458	+20.07472
005.0912500	+59.2941667	Im 	IC 10    	 1305	  192	 0.7	-16.3	     	 0.40	 0.75	-1.11	     	 8.2	   7.08	 6.93	 7.78	-38.0	 0.78	41.0	IC 10     	NED	LEDA	005.09125	+59.29417
016.2050000	+02.1300000	Im 	IC 1613  	 3844	  668	 0.7	-14.6	 9.10	 0.58	 0.00	-2.56	-1.99	 7.6	   4.61	 6.86	 7.53	 71.0	 0.81	37.9	IC 1613   	NED	LEDA	016.20500	+02.13000
015.9800000	+21.8775000	Im 	LGS 3    	 3792	     	 0.7	 -9.7	 0.96	 0.23	 0.04	     	-3.88	 7.0	   2.09	 4.87	 5.19	 -3.5	 0.51	64.4	LGS 3     	NED	LEDA	015.98000	+21.87750
125.9883333	+71.0308333	Im 	M81dwA   	23521	     	 3.5	-11.7	     	 0.26	 0.02	     	-2.26	 7.3	 124.28	 5.09	 7.18	 86.0	 0.73	45.8	PGC 023521	NED	LEDA	125.98833	+71.03083
067.7075000	+64.8475000	Im 	NGC 1569 	15345	 3056	 3.4	-18.2	     	 0.38	 0.51	 0.19	-0.01	 8.2	 179.04	 6.14	 8.39	-59.0	 0.55	61.1	NGC 1569  	NED	LEDA	067.70750	+64.84750
112.2033333	+69.2061111	Im 	NGC 2366 	21102	 3851	 3.4	-16.8	 4.72	 1.36	 0.04	-1.67	-1.66	 7.9	 132.41	 6.72	 8.84	 32.5	 0.42	72.1	NGC 2366  	NED	LEDA	112.20333	+69.20611
173.9541667	+54.5230556	Im 	NGC 3738 	35856	 6565	 4.9	-17.1	 2.40	 0.78	 0.00	-1.66	-1.53	 8.4	 326.55	 5.54	 8.06	  0.0	 1.00	 0.0	NGC 3738  	NED	LEDA	173.95417	+54.52306
183.0383333	+36.1702778	Im 	NGC 4163 	38881	 7199	 2.9	-14.4	 1.47	 0.27	 0.00	-2.28	-1.74	 7.9	  69.27	 5.32	 7.16	 18.0	 0.64	53.7	NGC 4163  	NED	LEDA	183.03833	+36.17028
183.9133333	+36.3272222	Im 	NGC 4214 	39225	 7278	 3.0	-17.6	 4.67	 0.75	 0.00	-1.03	-1.08	 8.2	  87.28	 6.82	 8.76	 16.0	 0.91	25.8	NGC 4214  	NED	LEDA	183.91333	+36.32722
296.2341625	-14.7975806	Im 	NGC 6822 	63616	     	 0.5	-15.2	     	 0.57	 0.22	-2.06	-1.82	 8.1	       	     	     	     	     	    	NGC 6822  	NED	LEDA	296.23416	-14.79758
292.5025000	-17.6822222	Im 	SagDIG   	63287	     	 1.1	-12.5	     	 0.23	 0.14	-2.97	-2.11	 7.3	   6.47	 6.13	 6.94	 87.5	 0.53	62.7	LEDA 63287	NED	LEDA	292.50250	-17.68222
202.6870833	+54.9080556	Im 	UGC 8508 	47495	     	 2.6	-13.6	 1.28	 0.27	 0.00	-2.03	     	 7.9	 109.21	 5.24	 7.28	-60.0	 0.54	61.9	UGC 8508  	NED	LEDA	202.68708	+54.90806
000.4966667	-15.4613889	Im 	WLM      	  143	     	 1.0	-14.4	 5.81	 0.57	 0.02	-2.77	-2.05	 7.8	  12.21	 6.76	 7.85	 -2.0	 0.44	70.3	PGC 143   	NED	LEDA	000.49667	-15.46139
186.5695833	+48.4938889	BCD	Haro 29  	40665	     	 5.8	-14.6	 0.84	 0.29	 0.00	-0.77	-1.07	 7.9	 416.32	 5.18	 7.80	 86.0	 0.58	58.6	PGC 40665 	NED	LEDA	186.56958	+48.49389
191.7345833	+51.6133333	BCD	Haro 36  	43124	 7950	 9.3	-15.9	     	 0.69	 0.00	-1.86	-1.55	 8.4	1010.34	 5.15	 8.16	  2.0	 0.81	37.9	PGC 43124 	NED	LEDA	191.73458	+51.61333
173.3708333	+49.2400000	BCD	Mrk 178  	35684	 6541	 3.9	-14.1	 1.01	 0.33	 0.00	-1.60	-1.66	 7.7	 210.35	 4.67	 6.99	-50.0	 0.46	68.6	Mrk 178   	NED	LEDA	173.37083	+49.24000
171.9925000	+78.9941667	BCD	VIIZw 403	35286	 6456	 4.4	-14.3	 1.11	 0.52	 0.02	-1.71	-1.67	 7.7	 125.27	 5.59	 7.69	-10.0	 0.49	66.0	UGC  6456 	NED	LEDA	171.99250	+78.99417
