Galaxy MB	CX	D(Mpc)
WLM	11.03	-116	0.92	10	0.04	0	1	58.9	-15	26	55	672	340	0	6.7	
NGC0024	12.19	554	8.13	5	0.02	0	9	55.9	-24	57	55	301	216	225	8.8	
NGC0045	11.32	471	7.07	8	0.02	0	14	4.6	-23	11	1	577	456	336	8.9	
NGC0055	8.42	129	2.17	9	0.01	0	15	8.2	-39	12	56	2251	714	106	9.2	
NGC0059	13.12	382	5.3	-3	0.02	0	15	25.8	-21	26	46	256	180	302	7.5	
ESO410-G005	14.95	1.9	-1	0.01	0	15	31.6	-32	10	52	122	90	308	<	6	
Sculptor-dE1	17.78	4.2	10	0.02	0	23	51.6	-24	42	4	160	103	0	<	6.8	
ESO294-G010	15.52	117	1.9	-3	0.01	0	26	33.7	-41	51	20	165	102	0	<	6.1
IC1574	14.5	361	4.92	10	0.02	0	43	3.9	-22	14	44	202	123	0	<	7
NGC0247	9.67	160	3.65	7	0.02	0	47	8.9	-20	44	56	1476	581	352	9	
NGC0253	8.04	241	3.94	5	0.02	0	47	33.2	-25	17	34	2050	808	50	10.8	
ESO540-G030	16.46	3.4	-1	0.02	0	49	20.8	-18	4	6	168	148	0	<	6.7	
UGCA015	15.38	301	3.34	10	0.02	0	49	49.1	-21	0	49	150	78	28	<	6.5
ESO540-G032	16.55	3.4	-3	0.02	0	50	24.6	-19	54	27	100	91	0	<	6.5	
UGC00521	15.31	659	11.32	10	0.07	0	51	12.2	12	1	29	107	107	90	<	7.5
SMC	a	2.7	158	0.06	9	0.42	8									
NGC0300	8.72	144	2	7	0.01	0	54	58.1	-37	40	54	1507	1128	114	8.9	
UGC00668	9.88	-234	0.65	10	0.02	1	4	50.5	2	7	20	682	547	60	6.5	
UGC00685	14.2	157	4.7	9	0.06	1	7	23.2	16	41	1	179	147	122	7.1	
UGC00695	15.28	664	10.2	6	0.03	1	7	46.5	1	3	47	129	109	0	7.5	
NGC404	11.51	-48	3.1	-1	0.06	1	9	27.7	35	43	7	210	210	90	7.8	
UGC00891	14.72	643	10.84	9	0.03	1	21	18.9	12	24	38	194	118	42	7.4	
UGC01056	14.87	595	10.32	10	0.07	1	28	47.6	16	41	17	125	117	0	7.4	
UGC01104	14.41	686	7.5	9	0.06	1	32	42.5	18	19	6	166	103	0	7.2	
NGC0598	6.27	-179	0.84	6	0.04	1	33	50.8	30	39	20	4453	2762	12	9.3	
NGC0625	11.71	405	4.07	9	0.02	1	35	4.4	-41	26	24	499	256	90	8.5	
NGC0628	9.95	657	7.3	5	0.07	1	36	42.4	15	47	11	879	809	90	9.9	
UGC01176	14.4	633	9	10	0.06	1	40	10	15	54	26	202	168	25	7.5	
ESO245-G005	12.7	395	4.43	10	0.02	1	45	3.6	-43	35	28	358	253	318	7.5	
UGC01249	12.07	338	7.2	9	0.08	1	47	29.5	27	19	50	468	205	331	8.5	
NGC0672	11.47	421	7.2	6	0.08	1	47	52.7	27	25	50	556	361	67	9	
ESO245-G007	13.33	56	0.44	10	0.02	1	51	6.1	-44	26	47	288	240	0	<	5.1
NGC0784	12.23	198	5.19	8	0.06	2	1	16.7	28	50	5	480	191	3	7.9	
NGC855	13.3	595	9.73	-5	0.07	2	14	3.9	27	52	39	190	171	68	8.6	
ESO115-G021	13.34	513	4.99	8	0.03	2	37	46.8	-61	20	18	401	113	221	7.4	
ESO154-G023	12.69	578	5.76	8	0.02	2	56	52.4	-54	33	59	486	248	39	8	
NGC1291	9.39	839	9.37	0	0.01	3	17	19.1	-41	6	32	840	804	0	9.4	
NGC1313	9.2	475	4.15	7	0.11	3	18	10	-66	29	8	896	694	338	9.4	
NGC1311	13.18	571	5.45	9	0.02	3	20	6.9	-52	11	14	300	141	36	7.7	
UGC02716	14.64	379	6.23	8	0.14	3	24	7.9	17	45	12	174	123	90	7.2	
IC1959	13.26	640	6.06	9	0.01	3	33	12.4	-50	24	45	253	114	330	7.9	
NGC1487	12.34	848	9.08	7	0.01	3	55	43.4	-42	21	57	430	261	70	9	
NGC1510	13.47	913	9.84	-2	0.01	4	3	32.7	-43	23	59	126	122	0	8.3	
NGC1512	11.13	896	9.64	1	0.01	4	3	55.6	-43	21	49	1002	928	83	9.4	
NGC1522	13.93	905	9.32	11	0.01	4	6	7.6	-52	40	11	151	99	37	8.3	
IC2049	15.19	869	16.73	7	0.02	4	12	4.2	-58	33	27	119	106	0	7.7	
ESO483-G013	14.18	823	10.43	-3	0.05	4	12	40.9	-23	9	28	205	147	322	8.1	
ESO158-G003	14.01	975	9.96	9	0.01	4	46	15.6	-57	20	44	199	172	0	8.2	
ESO119-G016	14.79	969	9.84	10	0.02	4	51	28.6	-61	39	5	221	116	26	7.4	
NGC1705	12.77	628	5.1	11	0.01	4	54	13.5	-53	21	37	167	120	220	7.8	
NGC1744	11.6	748	7.65	7	0.04	4	59	57.8	-26	1	16	661	317	349	8.6	
NGC1796	12.86	987	10.32	5	0.02	5	2	42.8	-61	8	22	256	205	99	9	
ESO486-G021	14.47	865	8.89	2	0.03	5	3	19.9	-25	25	24	115	99	90	7.8	
MCG-05-13-004	b	13.22	686	6.63	9	0.01	0									
NGC1800	13.07	803	8.24	9	0.01	5	6	25.7	-31	57	15	229	163	107	8.3	
UGCA106	13.05	933	9.77	9	0.02	5	11	59.2	-32	58	17	323	245	14	8.5	
LMC	a	0.91	278	0.05	9	0.92	8.9									
KKH037	16.4	-148	3.39	10	0.07	6	47	44.2	80	7	23	105	81	90	<	6.4
NGC2366	11.43	100	3.19	10	0.04	7	28	45.9	69	12	2	617	315	31	8.1	
UGCA133	15.8	3.2	-3	0.04	7	34	12.2	66	53	13	215	153	0	<	6.7	
NGC2403	8.93	131	3.22	6	0.04	7	36	55.1	65	35	34	1512	930	304	9.5	
NGC2500	12.2	514	7.63	7	0.04	8	1	52.4	50	44	5	274	234	75	8.9	
NGC2537	12.82	447	6.9	9	0.05	8	13	14.7	45	59	36	211	199	0	8.7	
UGC04278	13.07	565	7.59	7	0.05	8	13	58.7	45	44	45	319	79	351	8.1	
UGC04305	11.1	157	3.39	10	0.03	8	19	10.8	70	43	20	555	465	60	7.9	
NGC2552	12.56	524	7.65	9	0.05	8	19	20	50	0	38	312	205	54	8.3	
M81dwA	18.69	113	3.55	10	0.02	8	23	56	71	1	45	78	78	90	6.4	
UGC04426	15	397	10.28	10	0.04	8	28	28.4	41	51	24	206	145	10	<	7.7
UGC04459	14.78	19	3.56	10	0.04	8	34	6.8	66	10	36	134	111	120	7	
UGC04483	15.27	178	3.21	10	0.03	8	37	3.5	69	46	32	94	58	0	<	6.5
NGC2683	10.64	411	7.7	3	0.03	8	52	41	33	25	16	822	420	41	9.6	
UGC04704	15.33	596	7.75	8	0.03	8	59	2.5	39	12	23	303	108	296	7.4	
UGC04787	15.41	552	6.53	8	0.02	9	7	35.1	33	16	38	211	107	5	7.4	
UGC04998	14.72	623	10.5	10	0.06	9	25	12.9	68	22	58	187	162	71	<	7.7
NGC2903	9.68	556	8.9	4	0.03	9	32	10.9	21	30	5	824	461	17	10.3	
UGC05076	15.21	571	8.31	10	0.02	9	32	36.5	51	52	16	165	139	90	<	7.4
CGCG035-007	15.46	574	5.17	5	0.04	9	34	44.9	6	25	32	126	96	63	6.8	
UGC05139	14.17	143	3.84	10	0.05	9	40	33.6	71	11	20	264	219	63	7	
IC0559	14.82	513	4.93	5	0.03	9	44	43.9	9	36	55	135	124	63	6.8	
F8D1	16.14	3.8	-3	0.11	9	44	47.1	67	26	19	254	254	90	<	7	
[FM2000]1	17.8	3.4	-3	0.08	9	45	10	68	45	47	89	89	90	<	6.4	
NGC2976	11.24	3	3.56	5	0.07	9	47	15.9	67	55	7	457	312	322	8.9	
LEDA166101	16.94	3.5	-3	0.14	9	50	13	67	30	37	219	152	33	<	6.8	
UGC05272	15.41	520	7.1	10	0.02	9	50	23.1	31	29	17	196	96	112	7.5	
UGC05288	14.32	557	6.8	8	0.03	9	51	16.9	7	49	39	164	141	331	7.4	
BK03N	18.78	-40	4.02	10	0.08	9	53	48.5	68	58	8	41	41	90	<	6.2
NGC3031	7.89	-34	3.63	2	0.08	9	55	31.8	69	4	3	1629	1123	154	9.7	
NGC3034	9.3	203	3.53	7	0.16	9	55	52.1	69	40	57	698	581	65	10.7	
UGC05340	14.76	503	5.9	10	0.02	9	56	45.3	28	49	10	174	99	10	<	7.1
KDG061	15.17	-135	3.6	8	0.07	9	57	4.5	68	35	36	214	119	49	<	6.7
UGC05336	14.3	46	3.7	10	0.08	9	57	29.2	69	2	50	248	181	220	6.5	
Arp'sLoop	16.76	99	3.9	10	0.08	9	57	32.7	69	17	0	137	137	90	<	6.7
UGC05364	12.92	20	0.69	10	0.02	9	59	26.5	30	44	58	311	192	67	<	5.5
UGC05373	11.85	301	1.44	10	0.03	9	59	59.5	5	19	57	333	268	90	5.9	
KKH057	17.95	3.9	-3	0.02	10	0	14.6	63	10	58	73	53	45	<	6.4	
UGCA193	14.84	662	9.7	7	0.04	10	2	36.4	-6	0	31	284	69	14	7	
NGC3109	10.39	403	1.34	9	0.07	10	3	7.6	-26	9	46	1595	348	91	7.5	
NGC3077	10.61	14	3.82	6	0.07	10	3	17.5	68	43	54	489	436	64	8.9	
AM1001-270	16.51	362	1.3	10	0.08	10	4	3	-27	19	48	169	96	319	<	5.8
BK05N	17.77	3.8	-3	0.06	10	4	41.6	68	15	26	207	102	330	<	6.7	
UGC05428	15.95	-129	3.5	10	0.1	10	5	7.5	66	33	39	196	168	90	<	6.8
UGC05423	15.2	350	5.3	10	0.08	10	5	31.3	70	21	52	107	70	140	6.9	
UGC05442	15.78	-18	3.7	-3	0.05	10	7	1.2	67	49	38	197	124	34	<	6.7
UGC05456	13.72	544	3.8	5	0.04	10	7	19.4	10	21	51	161	121	322	7.3	
IKN	17.31	3.7	-3	0.06	10	8	5.9	68	23	57	180	156	180	<	6.8	
SextansA	11.86	324	1.32	10	0.04	10	11	0.6	-4	41	41	408	315	35	6.5	
[HS98]117	17.01	-37	4	10	0.12	10	21	25.5	71	6	52	213	129	0	<	6.8
NGC3239	11.73	753	8.29	9	0.03	10	25	4.7	17	8	56	315	272	63	9	
DDO078	15.84	55	3.7	-3	0.02	10	26	27.4	67	39	16	141	141	90	<	6.7
UGC05672	15.14	531	6.3	5	0.02	10	28	20.9	22	34	9	289	104	340	7.3	
UGC05666	10.8	57	4.02	9	0.04	10	28	23.9	68	25	5	864	486	59	8.4	
UGC05692	13.71	180	4	9	0.04	10	30	36.4	70	37	13	306	211	0	7.1	
NGC3274	13.21	537	6.5	7	0.02	10	32	16.1	27	40	8	347	142	110	8.1	
BK06N	16.85	3.8	-3	0.01	10	34	32.4	66	0	36	231	108	304	<	6.8	
NGC3299	14.11	641	10.4	8	0.02	10	36	23.8	12	42	31	264	207	0	8.1	
UGC05764	15.21	586	7.08	10	0.02	10	36	43.1	31	32	45	150	85	44	6.9	
UGC05797	15	713	6.84	10	0.03	10	39	25.4	1	43	2	141	138	0	7.2	
UGC05829	13.73	629	7.88	10	0.02	10	42	42.3	34	27	30	285	252	20	8	
NGC3344	10.45	586	6.64	4	0.03	10	43	31.4	24	55	31	514	448	330	9.4	
NGC3351	10.53	778	10	3	0.03	10	43	57.5	11	42	19	586	457	10	9.9	
NGC3368	10.11	897	10.52	2	0.03	10	46	45.5	11	49	5	511	349	346	9.8	
UGC05889	14.22	572	9.3	9	0.03	10	47	22.2	14	4	16	202	190	0	<	7.7
UGC05923	14.03	712	7.16	0	0.03	10	49	7.5	6	55	4	97	60	353	7.4	
UGC05918	15.22	340	7.4	10	0.01	10	49	36.5	65	31	49	140	113	65	<	7.3
NGC3432	11.67	616	7.89	9	0.01	10	52	32.7	36	37	47	476	187	38	9.2	
KDG73	17.28	-132	3.7	10	0.02	10	52	56.5	69	33	17	126	100	345	<	6.6
NGC3486	11.05	681	8.24	5	0.02	11	0	23.2	28	58	34	495	389	83	9.4	
NGC3510	14.3	705	8.57	8	0.03	11	3	43.6	28	53	1	310	136	345	8.3	
NGC3521	9.83	805	8.03	4	0.06	11	5	48.7	0	2	22	767	494	343	10.2	
NGC3593	11.86	628	6.52	0	0.02	11	14	36.7	12	49	3	373	211	86	9.4	
NGC3623	10.25	807	8.95	1	0.02	11	18	56	13	5	25	663	331	352	9.5	
NGC3627	9.65	727	10.05	3	0.03	11	20	13.4	12	59	27	746	487	347	10.5	
NGC3628	10.28	843	9.45	3	0.03	11	20	14.8	13	35	18	1039	619	102	10.4	
UGC06457	15	963	10.24	10	0.03	11	27	12.4	0	59	44	150	111	19	7.4	
UGC06541	14.4	249	3.89	11	0.02	11	33	28.1	49	14	28	124	87	316	6.6	
NGC3738	11.97	229	4.9	10	0.01	11	35	48.6	54	31	29	220	175	343	8.2	
NGC3741	14.49	229	3.19	10	0.02	11	36	5.9	45	17	6	201	108	10	6.5	
UGC06782	15.07	525	14	9	0.03	11	48	57.4	23	50	16	135	114	115	<	7.8
UGC06817	13.56	242	2.64	10	0.03	11	50	50	38	52	45	270	144	65	6.4	
UGC06900	14.8	590	7.47	10	0.02	11	55	39.9	31	31	6	204	145	107	<	7.4
NGC4020	13.82	760	9.68	7	0.02	11	58	56.5	30	24	42	222	136	18	8.6	
NGC4068	13.02	210	4.31	10	0.02	12	4	2.8	52	35	23	255	178	22	7.5	
NGC4080	14.28	567	6.92	10	0.03	12	4	51.8	26	59	32	153	131	312	7.9	
NGC4096	11.48	566	8.28	5	0.02	12	6	0.3	47	28	47	556	243	18	9.5	
NGC4144	12.05	265	9.8	6	0.01	12	9	58.9	46	27	30	437	189	103	8.8	
NGC4163	13.75	165	2.96	10	0.02	12	12	8.9	36	10	8	213	164	4	6.6	
NGC4190	13.9	228	3.5	10	0.03	12	13	44.6	36	38	8	210	164	45	7.2	
ESO321-G014	15.63	610	3.2	10	0.09	12	13	49.3	-38	13	47	171	105	22	<	6.5
UGC07242	14.65	68	5.42	6	0.02	12	14	8.4	66	5	41	157	85	0	<	7
UGCA276	15.7	284	3.18	10	0.02	12	14	59.9	36	13	1	161	143	301	<	6.6
UGC07267	15.29	472	7.33	8	0.02	12	15	23.9	51	21	4	189	98	45	7.1	
NGC4214	10.24	291	2.92	10	0.02	12	15	38.1	36	19	35	624	567	0	8.8	
CGCG269-049	15.3	159	3.23	10	0.02	12	15	47.3	52	23	15	94	67	319	<	6.3
NGC4236	10.05	0	4.45	8	0.01	12	16	43.2	69	27	19	1241	369	342	8.7	
NGC4244	10.88	244	4.49	6	0.02	12	17	29.8	37	48	25	1182	242	47	8.8	
NGC4242	11.37	517	7.43	8	0.01	12	17	30.4	45	37	10	410	312	28	8.7	
UGC07321	14.15	408	20	7	0.03	12	17	34.3	22	32	25	370	78	81	9	
NGC4248	13.21	484	7.24	3	0.02	12	17	50.7	47	24	32	251	170	107	8	
NGC4258	9.1	448	7.98	4	0.02	12	18	54.9	47	18	24	1242	531	332	10	
ISZ399	14.72	900	8.97	11	0.06	12	19	59.5	-17	23	31	132	102	314	8.8	
NGC4288	13.26	535	7.67	7	0.01	12	20	38.3	46	17	37	190	163	139	8.4	
UGC07408	13.35	462	6.87	9	0.01	12	21	15.5	45	49	0	220	192	90	<	7.4
UGC07490	13.05	465	8.4	9	0.02	12	24	24.6	70	19	58	226	220	0	8.1	
NGC4395	10.64	319	4.61	9	0.02	12	25	52.2	33	33	15	1008	790	328	8.9	
UGCA281	15.36	281	5.7	11	0.01	12	26	16.7	48	29	39	87	73	81	7.5	
UGC07559	14.2	218	4.87	10	0.01	12	27	6.8	37	8	22	240	132	307	6.9	
UGC07577	12.84	196	2.74	10	0.02	12	27	43.4	43	29	26	270	180	301	6.6	
NGC4449	9.99	207	4.21	10	0.02	12	28	10.4	44	5	25	473	354	57	9.4	
UGC07599	14.88	278	6.9	8	0.02	12	28	28	37	14	4	120	72	306	<	7.1
UGC07605	14.79	309	4.43	10	0.01	12	28	38.4	35	43	1	141	86	17	<	6.7
NGC4455	13.8	637	7.75	7	0.02	12	28	44	22	49	18	200	90	198	8.2	
UGC07608	13.67	538	7.76	10	0.02	12	28	43	43	13	28	210	207	0	7.7	
NGC4460	12.78	490	9.59	-1	0.02	12	28	45.9	44	51	57	338	147	37	9	
UGC07639	13.99	382	8	10	0.01	12	29	53.3	47	31	54	231	140	334	7.2	
NGC4485	12.32	493	7.07	10	0.02	12	30	31.8	41	42	2	180	134	343	8.8	
NGC4490	10.22	565	8.03	7	0.02	12	30	34.4	41	38	41	418	232	121	10.1	
UGC07690	13.1	537	7.73	10	0.03	12	32	26.8	42	42	25	195	151	36	8.1	
UGC07699	13.6	496	6.85	6	0.01	12	32	48	37	37	18	270	105	32	8	
UGC07698	13	331	6.1	10	0.02	12	32	55.3	31	32	15	279	189	9	7.4	
UGC07719	15.33	678	9.39	8	0.02	12	34	0.6	39	1	16	158	86	347	7.6	
UGC07774	15.02	526	7.44	7	0.02	12	36	22.8	40	0	19	201	57	100	7.4	
