RA	Dec	Object Type	cz (Velocity)	Redshift (z)	z flag	Reference	Note	Photometry	Position	Redshift	Diameter	Distances	Classification	Images	Spectra
2.485583	-24.963139	G	554	0.001848	S1L	248	7	123	40	21	19	32	49	49	13
14.958708	-7.577972	G	1650	0.005504	S1L	294	6	222	54	22	6	20	32	82	15
22.836458	-6.868056	G	1831	0.006106	SST	414	9	223	46	33	6	19	35	62	8
33.514555	27.877341	G	592	0.001975	UUN	228	6	210	59	29	10	2	9	71	10
36.820333	33.579167	G	553	0.001845	S1L	740	15	168	74	32	8	55	87	116	16
49.003125	-2.427361	G	2170	0.007238	UUN	209	1	186	52	19	5	0	2	49	27
49.327445	-41.108065	G	839	0.002799	SUN	379	12	230	45	21	25	6	45	75	13
54.162833	-20.90225	G	1792	0.005977	SUN	173	3	178	36	14	18	1	7	47	12
54.716333	-35.594389	G	1947	0.006494	SUN	610	12	184	46	31	24	54	44	56	7
58.662353	-20.50268	G	1916	0.006391	SUN	250	10	170	50	20	19	1	10	54	10
60.976167	-43.348861	G	898	0.002995	UUN	349	14	181	51	23	19	22	43	97	10
65.00175	-54.937806	G	1504	0.005017	UUN	763	19	314	82	46	17	18	46	72	22
73.55625	-53.361056	G	633	0.002112	S1L	405	12	177	41	21	17	6	25	64	8
112.22777	69.215788	G	103	0.000344	UUN	621	25	70	50	23	7	29	63	101	9
114.214167	65.602556	G	133	0.000445	UUN	1412	28	218	76	26	8	65	81	151	37
128.53	66.181667	G	20	0.000067	SUN	308	7	119	47	15	6	9	17	89	7
128.823362	17.404898	G	20660	0.068913	SLS	24	1	50	8	5	7	0	1	2	1
140.510975	50.976519	G	635	0.002118	S1L	1065	21	233	73	34	8	36	69	106	28
141.548042	-76.626333	G	468	0.001561	UUN	234	10	131	34	20	17	10	19	49	9
146.814417	67.916389	G	3	0.000009	SLS	606	16	173	76	24	8	19	44	115	20
148.706517	9.271094	G	1457	0.00486	SLS	331	9	259	56	41	15	11	24	79	16
150.829458	68.733917	G	14	0.000047	SUN	549	14	166	63	22	8	9	44	99	9
151.3775	70.364444	G	347	0.001159	SUN	192	2	114	41	16	4	4	20	72	3
154.570257	41.424054	G	582	0.001941	S1L	754	12	165	80	29	9	22	54	104	24
154.978966	45.549623	G	660	0.002202	UUN	793	17	271	76	32	16	52	73	133	25
157.77822	28.79667	G	1423	0.004745	SLS	176	3	243	49	25	11	0	9	61	11
158.13332	54.400569	G	1438	0.004796	SLS	325	12	263	53	30	17	5	19	62	12
166.452421	-0.035864	G	799	0.002665	S1L	774	17	312	90	40	8	26	58	113	33
169.568792	-32.814056	G	730	0.002435	UUN	487	11	199	64	23	18	47	59	93	22
171.999583	78.994167	G	-103	-0.000345	SUN	271	6	87	38	16	4	13	24	40	4
174.553648	12.112048	G	983	0.00328	SLS	227	4	201	52	33	10	2	21	68	14
178.206042	44.120722	G	808	0.002695	UUN	549	13	191	63	23	8	8	44	97	37
182.025083	65.174139	G	1281	0.004273	SLS	426	14	217	51	29	10	17	30	63	11
184.1755	69.462583	G	0	0	SUN	422	16	115	39	14	8	21	49	95	12
187.123458	17.084944	G	1956	0.006525	SUN	564	17	245	70	32	11	24	54	80	15
188.990195	27.959992	G	814	0.002715	S1L	582	15	265	74	36	9	26	51	118	28
192.610755	25.500805	G	1209	0.004033	S1L	668	18	273	82	35	12	48	75	123	29
196.603542	67.706944	G	31	0.000102	SUN	234	7	93	43	12	7	8	24	96	9
198.364441	36.593936	G	873	0.002912	S1L	898	29	404	73	46	15	25	62	75	33
210.339833	-33.063778	G	1219	0.004066	UUN	145	8	65	29	20	17	15	28	36	2
210.837125	-41.377694	G	506	0.001688	UUN	279	7	88	31	18	18	4	21	44	11
220.047938	-0.288975	G	1883	0.006281	SUN	412	11	220	66	29	12	16	48	89	20
277.158208	-66.982278	G	739	0.002465	UUN	105	6	80	19	9	16	2	22	25	8
308.718015	60.153915	G	48	0.00016	SUN	1859	30	264	101	32	12	32	57	134	60
339.266724	34.415519	G	816	0.002722	SUN	1070	30	280	85	43	8	54	66	127	17
359.457625	-32.591028	G	227	0.000757	UUN	872	16	227	76	30	19	49	54	123	28
139.34497	41.999729	G	1739	0.005801	SUN	342	8	232	61	25	16	9	41	104	12
154.523468	21.832295	G	1310	0.00437	UUN	556	8	251	65	32	11	16	46	82	14
170.062351	12.991538	G	722	0.002408	S1L	1328	26	365	125	47	11	79	101	126	48
202.484167	47.230556	GPair	393	0.00131	SUN	779	11	37	5	2	0	50	3	74	1
202.469629	47.195172	G	460	0.001534	SUN	2011	35	361	118	53	13	53	78	145	73
202.498292	47.266139	G	455	0.001518	S1L	568	13	287	62	30	12	51	40	69	14
211.256708	53.662222	G	262	0.000874	UUN	440	15	153	59	23	12	18	55	89	13
41.579375	-30.274889	G	1271	0.00424	UUN	932	28	335	77	46	20	32	58	113	37
193.521875	27.149639	G	364	0.001214	S1L	436	8	114	50	22	8	5	43	89	5
226.622912	55.763213	G	755	0.002518	UUN	560	24	277	70	37	7	11	36	92	12
190.533375	32.5415	G	610	0.002035	UUN	891	25	268	89	40	7	18	58	154	39
24.173946	15.783662	G	657	0.002192	SUN	1468	21	292	108	38	9	34	66	154	44
50.673825	-37.208227	G	1802	0.00601	SUN	993	26	297	66	44	24	106	90	75	7
124.77075	70.720028	G	157	0.000524	SUN	603	24	123	66	21	7	21	60	107	30
145.146278	71.179555	G	139	0.000464	S1L	321	9	111	42	11	5	18	47	82	5
148.888221	69.065295	G	-39	-0.00013	UUN	2701	48	294	107	51	8	99	117	200	56
148.969688	69.679383	G	269	0.000897	UUN	2507	36	452	98	49	13	21	40	111	28
149.383333	69.045833	G	46	0.000153	SUN	233	11	56	26	11	5	10	21	38	6
157.097833	68.412139	G	57	0.00019	SUN	527	16	141	53	15	7	23	60	83	7
160.990417	11.703806	G	779	0.002598	S1L	1000	19	318	102	44	12	62	79	150	30
184.706682	14.416509	G	2406	0.008026	S1L	965	21	291	108	41	12	15	58	124	25
185.728463	15.821818	G	1571	0.00524	UUN	1648	38	324	117	50	13	69	111	166	32
188.915864	12.556341	G	340	0.001134	SUN	862	26	334	75	37	16	47	54	63	12
189.20747	13.16294	G	-235	-0.000784	SUN	803	28	319	88	38	12	14	50	119	31
189.431342	11.818194	G	1517	0.00506	S1L	1044	26	433	99	50	15	23	55	139	31
189.997633	-11.623054	G	1091	0.003639	SUN	1034	25	357	95	40	7	31	43	135	25
190.469671	41.273965	G	621	0.002071	UUN	318	10	244	72	34	15	2	36	85	15
192.721088	41.120458	G	308	0.001027	S1L	1183	37	282	97	43	8	21	62	140	44
194.181837	21.68297	G	409	0.001364	S1L	818	24	298	90	32	10	23	52	144	29
198.955542	42.029278	G	500	0.001668	S1L	1133	28	268	105	40	8	27	63	154	20
213.291458	-65.339222	G	434	0.001448	UUN	729	15	258	74	42	15	3	17	52	21
296.240592	-14.803434	G	-55	-0.000183	UUN	941	16	103	47	19	6	127	62	46	33
349.04483	-42.584742	G	1608	0.005365	S1L	518	22	262	62	32	19	10	39	44	12
188.612707	2.188137	G	1808	0.006031	SUN	893	16	276	93	42	12	84	112	111	27
125.979583	71.032222	G	113	0.000376	SUN	163	2	55	28	9	0	6	17	54	2
